0
6.649999999999993
3.6999999999999966
-0.75
0.3000000000000005
5.599999999999997
-0.9
0.15000000000000013
-0.35
0.19999999999999973
1.15
1.4499999999999988
-0.35
-0.55
1.5
1.7499999999999991
-0.45000000000000007
1.9499999999999975
-1.0
-0.85
0.6500000000000001
2.4
12.300000000000008
-0.95
6.649999999999997
-0.8
4.449999999999997
0.5000000000000004
1.5999999999999996
3.649999999999996
2.199999999999999
-0.6000000000000001
-0.9
2.0999999999999996
-0.19999999999999973
1.2000000000000002
0.5
-0.95
0.10000000000000009
1.2000000000000002
-0.30000000000000004
0.30000000000000027
-0.95
-0.8
-1.0
4.7
4.049999999999997
-0.19999999999999984
2.349999999999997
3.3499999999999996
5.699999999999999
3.099999999999995
-0.1499999999999999
3.9499999999999993
1.9999999999999996
-0.19999999999999984
-0.1499999999999999
7.6
-0.35
-0.2499999999999999
-0.3999999999999998
3.6499999999999986
3.099999999999997
-0.95
1.9
-1.0
5.049999999999998
-1.0
-0.85
1.9499999999999988
3.8999999999999986
1.5999999999999996
0.6000000000000001
-0.45000000000000007
0.10000000000000009
1.15
6.799999999999999
-0.95
4.749999999999998
0.050000000000000044
1.0999999999999996
1.0
0.7500000000000002
-0.9
6.399999999999996
3.9499999999999966
7.0
3.4499999999999993
10.500000000000007
-0.09999999999999998
-0.6000000000000001
2.4999999999999973
1.2499999999999996
1.3499999999999996
4.749999999999998
0.8500000000000003
1.0999999999999996
0.050000000000000044
1.649999999999999
2.249999999999999
1.5000000000000004
-0.4
0.9000000000000004
4.499999999999999
5.699999999999997
6.449999999999994
1.3999999999999995
-0.55
-0.65
3.449999999999995
1.4999999999999991
4.8
4.199999999999996
2.3499999999999996
0.95
-1.0
1.0500000000000003
4.499999999999997
-0.44999999999999996
9.400000000000007
0.15000000000000013
0.7999999999999998
-0.04999999999999982
-0.2499999999999999
5.299999999999998
-0.29999999999999993
2.649999999999998
1.0500000000000003
3.4999999999999973
3.099999999999996
0.2500000000000002
-0.35
-0.44999999999999996
2.149999999999999
-0.04999999999999993
10.900000000000015
0.5
1.4999999999999991
3.6999999999999984
5.049999999999998
-1.0
-0.3999999999999999
-0.95
0.8
-0.19999999999999996
2.8499999999999988
-0.95
-0.95
5.199999999999997
2.2999999999999976
-0.9
1.8999999999999986
1.0
-0.8
-0.65
8.150000000000004
-0.55
1.3999999999999995
8.399999999999999
0.2500000000000002
2.1999999999999993
4.949999999999996
0.6000000000000005
0.20000000000000018
1.799999999999999
6.899999999999997
0.4500000000000002
-0.85
-0.30000000000000004
-0.2999999999999998
2.0999999999999988
2.799999999999999
3.1999999999999984
1.5500000000000003
-0.09999999999999987
1.6999999999999997
1.9499999999999988
2.1
10.500000000000005
1.2499999999999991
-1.0
-0.95
1.4
4.149999999999996
7.099999999999998
8.950000000000008
-0.1499999999999997
-1.0
2.3499999999999983
2.8499999999999988
2.6999999999999984
4.700000000000001
1.4499999999999993
1.1
10.250000000000002
0.5
-1.0
0.19999999999999996
-0.65
4.549999999999998
2.4999999999999982
-0.44999999999999996
0.7000000000000002
4.1999999999999975
-0.35
0.8000000000000003
5.349999999999999
0.050000000000000044
2.699999999999999
0.1499999999999999
0.15000000000000013
1.9499999999999988
0.15000000000000013
2.2999999999999994
1.399999999999999
0.3500000000000001
-0.04999999999999993
1.6
-1.0
-0.5
2.1999999999999997
5.349999999999996
1.2499999999999996
3.7499999999999973
-1.0
6.099999999999996
-0.44999999999999996
1.6999999999999997
0.15000000000000036
-1.0
4.899999999999994
5.549999999999997
12.300000000000022
3.499999999999999
6.949999999999992
0.5
0.4500000000000002
-0.85
-0.45000000000000007
1.4999999999999991
3.2499999999999964
1.0000000000000004
0.15000000000000013
-0.29999999999999993
2.5499999999999976
-0.25
2.55
6.549999999999999
1.549999999999999
-0.8
2.699999999999998
1.5999999999999983
0.8500000000000003
2.0
5.299999999999999
2.899999999999998
0.25
2.5499999999999976
-0.95
3.9999999999999973
-0.55
3.6499999999999986
-0.29999999999999993
-0.44999999999999996
-0.85
1.2000000000000002
6.399999999999996
2.4999999999999996
15.150000000000045
-0.19999999999999984
1.3499999999999996
4.9999999999999964
0.20000000000000018
1.0499999999999998
0.6000000000000001
2.449999999999998
-0.19999999999999996
-0.44999999999999996
0.6999999999999997
1.8999999999999995
-1.0
-0.9
-0.35
1.8499999999999992
-1.0
1.8499999999999988
-0.44999999999999996
2.9499999999999997
0.8000000000000003
-0.34999999999999987
6.399999999999996
1.2000000000000002
5.999999999999998
0.5
-0.75
1.399999999999999
2.799999999999998
4.6999999999999975
4.449999999999999
0.40000000000000013
0.9000000000000004
2.699999999999999
0.8500000000000003
0.15000000000000013
-0.8
0.19999999999999996
-0.55
0.40000000000000013
-0.8
0.34999999999999987
1.549999999999999
0.95
0.4999999999999998
2.6499999999999986
10.650000000000006
0.3999999999999999
-0.55
5.349999999999996
1.7999999999999998
-0.2499999999999999
1.1
7.750000000000002
1.8499999999999979
-0.9
0.20000000000000062
0.75
0.6499999999999999
4.899999999999998
-0.55
2.220446049250313e-16
3.549999999999997
7.199999999999996
11.050000000000013
5.049999999999998
2.1999999999999984
1.8999999999999977
-1.0
-0.8
-0.5
5.049999999999996
3.4000000000000004
2.1499999999999977
5.099999999999998
-0.5
2.2999999999999994
-0.65
1.3000000000000003
2.099999999999998
2.1999999999999975
0.30000000000000004
1.9999999999999987
4.449999999999996
-0.09999999999999987
0.050000000000000044
1.7499999999999987
4.1999999999999975
0.7500000000000002
0.7
1.9500000000000002
0.8000000000000003
1.9499999999999984
7.750000000000005
2.1999999999999993
-0.6000000000000001
-1.0
2.3499999999999983
-0.6000000000000001
0.7999999999999996
12.850000000000014
-0.19999999999999996
-1.0
-0.19999999999999984
3.049999999999999
4.399999999999995
4.899999999999998
7.249999999999998
0.9500000000000002
-0.7
3.399999999999996
4.749999999999998
4.299999999999999
8.75
8.250000000000002
4.649999999999999
-0.24999999999999978
2.9999999999999973
-0.29999999999999993
1.5499999999999998
14.30000000000004
-0.19999999999999984
2.1999999999999993
-0.1499999999999999
16.600000000000033
-0.09999999999999987
-0.35
-0.8
-0.8
3.999999999999999
-1.0
-0.95
3.1999999999999993
0.44999999999999996
-0.04999999999999982
1.6500000000000004
2.8499999999999974
0.6499999999999999
-0.5499999999999999
0.8000000000000003
0.44999999999999996
-0.55
2.2999999999999994
-0.25
0.04999999999999982
0.19999999999999996
0.8500000000000003
-0.55
0.4500000000000002
4.899999999999999
0.44999999999999996
2.3999999999999977
0.8500000000000003
-1.0
1.3499999999999992
-1.0
-0.85
2.220446049250313e-16
-1.0
-1.0
-0.3500000000000001
0.9000000000000001
3.6499999999999977
0.55
1.7999999999999985
0.5500000000000005
-0.55
-1.0
-1.0
1.0000000000000004
0.30000000000000004
0.5
0.7000000000000002
-1.0
0.40000000000000036
10.75000000000002
3.049999999999998
1.2499999999999996
-0.09999999999999998
0.25000000000000044
-0.8
1.7999999999999998
-0.2499999999999999
-1.0
0.6500000000000004
3.0999999999999988
-0.6000000000000001
-0.1499999999999999
-0.29999999999999993
-0.9
-1.0
1.2999999999999994
0.9500000000000006
0.1499999999999999
5.899999999999996
1.3000000000000003
-0.85
4.199999999999997
-0.29999999999999993
4.099999999999999
5.049999999999999
-0.30000000000000004
1.7999999999999994
-1.0
1.9499999999999988
0.3500000000000003
3.9999999999999964
-0.5
2.749999999999997
-0.44999999999999996
-0.8
0.8499999999999999
-1.0
1.1999999999999997
-0.45000000000000007
0.40000000000000013
6.1
4.599999999999997
0.19999999999999996
4.699999999999996
-0.4
8.749999999999998
3.399999999999996
-0.55
0.15000000000000013
-0.6000000000000001
1.649999999999999
2.599999999999999
-0.1499999999999998
3.299999999999998
1.8499999999999996
-0.09999999999999998
-0.8
2.0499999999999994
7.900000000000002
4.149999999999998
0.5000000000000004
1.9999999999999982
0.8
4.499999999999997
0.10000000000000031
4.699999999999998
0.3000000000000005
6.149999999999992
-0.7
2.5499999999999985
3.4499999999999957
1.35
0.3000000000000005
-1.0
6.749999999999999
2.2999999999999994
0.8500000000000001
-0.85
1.5999999999999988
-1.0
0.30000000000000004
6.9499999999999975
2.2999999999999985
1.3999999999999995
1.3499999999999996
1.3999999999999995
1.4999999999999991
5.549999999999999
0.5000000000000002
4.8999999999999995
0.8000000000000003
1.5
2.8499999999999988
3.4499999999999993
5.499999999999997
0.6499999999999997
2.499999999999999
2.3999999999999986
-0.8
0.3500000000000001
4.999999999999995
-1.0
-0.3999999999999999
0.55
2.1
4.049999999999996
-0.25
0.5
5.599999999999999
2.699999999999996
3.05
0.6500000000000004
-0.44999999999999996
2.849999999999999
2.899999999999998
1.5000000000000004
0.9000000000000004
-0.20000000000000007
2.1499999999999995
0.10000000000000009
1.6999999999999988
-1.0
8.9
3.2499999999999982
1.799999999999999
1.3499999999999992
4.899999999999999
6.4999999999999964
0.3500000000000001
0.9500000000000004
-1.0
-0.6
3.4499999999999993
5.049999999999996
3.799999999999999
-0.19999999999999984
3.5999999999999988
6.049999999999998
1.4499999999999997
3.1999999999999984
1.15
1.8000000000000007
5.949999999999997
5.6499999999999995
-1.0
-0.19999999999999996
2.1499999999999995
-0.9
5.549999999999995
3.749999999999994
-1.0
-0.30000000000000004
2.499999999999997
0.09999999999999987
7.7500000000000036
-0.9
-0.35
18.650000000000027
3.7499999999999982
1.5499999999999998
2.3000000000000003
-0.09999999999999987
0.1499999999999999
-0.9
7.149999999999999
-1.0
0.34999999999999987
1.1499999999999995
-0.95
4.549999999999996
-0.65
-0.9
3.049999999999997
1.3499999999999996
1.2499999999999996
-0.4
-0.3500000000000001
2.1499999999999995
0.8500000000000003
2.899999999999998
3.099999999999997
3.3
1.35
0.19999999999999996
7.399999999999993
0.050000000000000044
-0.95
2.9999999999999982
-1.0
1.8499999999999983
-0.75
-1.0
1.1
0.6000000000000003
2.4499999999999997
-0.25
2.199999999999999
1.8999999999999995
6.549999999999995
1.1999999999999997
3.3999999999999986
-0.85
1.9499999999999997
1.15
0.3500000000000001
-1.0
1.549999999999999
3.849999999999998
0.44999999999999996
6.649999999999996
16.20000000000004
-0.25
7.900000000000004
2.5999999999999983
-0.65
2.6500000000000004
-0.9
-0.8
-0.15000000000000002
3.4499999999999984
0.4500000000000004
1.5499999999999985
1.549999999999999
2.0499999999999985
5.749999999999997
1.6499999999999995
-0.30000000000000004
-0.09999999999999998
5.449999999999997
1.6999999999999993
-0.29999999999999993
-0.75
-0.24999999999999978
-0.6000000000000001
4.9499999999999975
3.5999999999999988
3.9499999999999993
0.5000000000000002
1.6499999999999995
-1.0
-0.7
-0.85
0.2500000000000002
1.5499999999999998
-0.55
-0.85
2.85
-1.0
-0.75
-0.85
4.899999999999994
5.049999999999999
1.8999999999999972
4.649999999999999
1.7999999999999994
0.050000000000000044
-0.9
2.649999999999997
4.649999999999998
8.299999999999997
3.9499999999999966
0.3999999999999999
0.050000000000000044
3.9499999999999984
7.699999999999999
0.7000000000000004
1.15
4.049999999999995
5.899999999999999
-0.4
-0.8
6.049999999999997
-1.0
0.9500000000000002
3.2499999999999973
-0.95
1.4499999999999997
-0.85
4.149999999999997
0.0
-0.6
-1.0
-0.8
-0.3999999999999999
1.8999999999999981
-0.45000000000000007
1.1
-0.8
3.099999999999997
0.40000000000000013
-0.34999999999999987
0.5000000000000002
4.699999999999998
7.1
0.30000000000000027
3.2499999999999964
1.7999999999999998
0.55
-0.6000000000000001
-0.95
-1.0
-1.0
2.4499999999999966
5.349999999999998
1.8999999999999986
0.25
6.999999999999996
2.499999999999997
-0.9
1.15
-1.0
4.299999999999996
-0.1499999999999998
3.049999999999997
-0.44999999999999996
-0.8
0.0
0.30000000000000027
3.349999999999998
-0.24999999999999978
4.249999999999997
0.10000000000000009
0.3500000000000001
2.0
2.249999999999999
2.0999999999999988
3.4499999999999975
2.6999999999999993
-0.19999999999999996
0.7000000000000002
0.2999999999999998
7.1999999999999975
1.7499999999999991
2.1999999999999997
1.7999999999999998
3.7999999999999954
0.7000000000000002
-1.0
1.7499999999999991
0.6000000000000001
1.4499999999999993
-0.95
1.2999999999999998
1.7999999999999994
3.9999999999999973
-0.15000000000000002
4.6499999999999995
3.0999999999999996
4.75
7.199999999999996
0.7
2.899999999999999
5.849999999999997
-0.2499999999999999
6.449999999999997
-0.5
-0.55
2.0999999999999996
0.8499999999999999
4.349999999999996
8.5
0.75
4.449999999999997
10.90000000000002
4.449999999999999
3.2499999999999982
0.050000000000000044
11.450000000000017
0.40000000000000013
-1.0
2.9499999999999984
-1.0
5.949999999999998
4.449999999999999
7.4999999999999964
0.050000000000000044
2.249999999999999
0.6000000000000001
1.4499999999999997
1.0000000000000004
1.7499999999999982
-0.9
1.2999999999999998
4.049999999999998
-1.0
2.2999999999999985
0.10000000000000009
0.4000000000000006
3.849999999999998
2.35
-1.0
-0.45000000000000007
6.049999999999998
3.599999999999997
-1.0
-0.65
-0.8
1.7999999999999985
1.399999999999999
-0.10000000000000009
-1.0
-1.0
0.19999999999999996
7.9
3.2499999999999973
2.2999999999999994
1.9499999999999984
-0.6000000000000001
2.2999999999999994
2.4999999999999973
-1.0
4.149999999999999
-1.0
0.050000000000000044
0.3500000000000003
1.9999999999999996
1.9999999999999996
0.20000000000000018
8.049999999999997
-0.7
3.899999999999997
-0.6499999999999999
-0.6
1.6999999999999997
2.4999999999999987
-1.0
7.400000000000002
0.10000000000000009
0.5499999999999998
1.5
4.899999999999996
-0.35
5.25
0.95
0.09999999999999987
3.4999999999999973
1.1999999999999997
2.049999999999999
2.649999999999999
1.4500000000000006
8.85
5.499999999999996
-0.19999999999999984
-1.0
1.8499999999999996
-1.0
-1.0
1.15
1.9500000000000002
0.8500000000000001
0.20000000000000018
3.7499999999999982
5.949999999999995
-0.3500000000000001
1.0999999999999996
-1.0
-1.0
2.8499999999999988
0.30000000000000027
9.450000000000005
5.899999999999994
-0.55
-0.75
-1.0
-1.0
3.099999999999997
1.1999999999999993
4.949999999999996
-0.4
1.7499999999999996
2.1499999999999986
1.9999999999999991
-0.85
0.30000000000000027
0.7500000000000002
-0.95
-0.95
1.1999999999999997
2.6500000000000004
2.7499999999999964
-0.9
2.199999999999998
2.85
-0.8
0.5
0.25
-1.0
1.0
1.9499999999999984
3.1499999999999995
1.0000000000000004
0.050000000000000044
1.9999999999999987
-0.8
-0.55
1.8000000000000003
0.55
0.6500000000000006
-0.75
3.75
-0.75
6.599999999999996
-0.4
1.1000000000000005
0.050000000000000044
0.0
4.499999999999999
3.8
0.3999999999999999
12.050000000000018
-0.6000000000000001
1.8999999999999986
-0.7
-0.09999999999999987
3.849999999999997
6.099999999999997
3.599999999999996
-0.85
0.5999999999999996
1.0
-1.0
-0.25
-0.55
1.6499999999999986
6.149999999999994
2.7999999999999985
-1.0
5.1
-0.35
-1.0
2.449999999999999
8.550000000000002
0.4500000000000004
7.5
1.6999999999999993
-0.6000000000000001
0.3500000000000003
1.2999999999999994
2.3499999999999974
0.6000000000000001
0.7
5.949999999999995
0.75
3.599999999999998
1.8999999999999986
-1.0
0.49999999999999956
-0.95
2.4499999999999975
3.6499999999999977
-1.0
1.5
0.9500000000000004
9.35
-0.95
2.1499999999999986
-0.65
0.9500000000000002
4.099999999999998
1.35
3.1999999999999984
2.8999999999999995
2.220446049250313e-16
6.049999999999998
1.1
-0.7
-0.44999999999999996
-0.15000000000000002
-0.4
1.7499999999999982
-0.1499999999999998
0.8499999999999999
1.2999999999999998
-0.55
-0.95
2.75
-0.85
-0.25
-0.55
-1.0
0.1499999999999999
-1.0
-0.95
2.0
2.0499999999999985
-1.0
-0.5
7.099999999999996
3.049999999999999
1.5
-0.55
-0.09999999999999987
3.349999999999998
2.45
0.20000000000000018
0.20000000000000018
1.25
1.4499999999999997
-0.65
1.2000000000000002
0.0
1.0499999999999998
1.35
0.8
-0.19999999999999996
-0.1499999999999998
3.6499999999999995
-0.65
5.049999999999998
9.100000000000009
1.8999999999999981
3.1999999999999975
1.0999999999999992
-0.7
0.55
3.9999999999999982
-0.35
0.7999999999999998
0.3500000000000001
0.19999999999999996
2.3499999999999983
0.20000000000000018
-0.4
1.9499999999999993
0.44999999999999996
-0.19999999999999996
1.8499999999999983
-0.7
8.150000000000004
1.8499999999999996
0.10000000000000009
0.25
1.0
3.4499999999999966
-0.15000000000000002
0.9500000000000002
2.699999999999999
-0.8
1.3999999999999995
-0.29999999999999993
2.849999999999999
1.5999999999999996
0.4500000000000002
2.0
0.6500000000000004
6.4499999999999895
0.19999999999999996
1.1
1.0999999999999996
2.6499999999999995
-0.85
0.4999999999999998
5.099999999999998
0.9500000000000002
1.5499999999999985
1.8499999999999996
-0.75
-0.7
2.2499999999999996
-0.04999999999999993
2.999999999999999
-0.19999999999999984
-1.0
0.10000000000000031
-0.44999999999999996
0.40000000000000013
2.1999999999999997
1.0
3.299999999999998
4.349999999999997
1.7999999999999994
-0.85
-0.6000000000000001
1.0
1.35
6.0
10.700000000000017
0.7
-0.20000000000000007
-0.1499999999999999
8.249999999999995
1.649999999999999
0.6500000000000001
-0.35
1.3499999999999992
-0.95
1.6499999999999995
-0.04999999999999982
1.9
9.400000000000013
1.5999999999999992
-1.0
1.0
0.6000000000000003
0.75
-0.04999999999999993
-0.95
1.799999999999999
3.6499999999999995
4.249999999999996
1.0
-0.1499999999999999
3.5499999999999963
3.1999999999999966
2.2
1.4499999999999988
1.1
-0.9
0.30000000000000027
0.25
1.0
0.0
1.0
-0.7
-0.35
0.6000000000000008
2.0000000000000004
1.0000000000000004
2.5999999999999988
4.249999999999997
-0.4
8.200000000000005
4.0499999999999945
-1.0
5.699999999999998
5.799999999999995
0.8000000000000003
2.349999999999999
0.050000000000000044
1.5999999999999992
-0.44999999999999996
-0.44999999999999996
-0.75
1.6499999999999995
-0.8
0.7
1.399999999999999
2.15
2.799999999999998
-1.0
1.0
6.649999999999994
0.10000000000000031
-0.85
-0.050000000000000044
-0.55
-0.2499999999999999
5.149999999999997
-0.04999999999999982
1.3499999999999988
14.650000000000029
4.449999999999998
-1.0
4.049999999999999
3.8999999999999977
0.10000000000000031
-0.5
0.10000000000000009
2.299999999999998
-0.95
2.549999999999998
1.0999999999999996
0.7499999999999998
0.5
1.8499999999999992
2.399999999999998
1.799999999999998
11.00000000000003
4.899999999999999
0.10000000000000009
2.4999999999999987
-0.09999999999999998
-1.0
-1.0
-0.75
-1.0
-1.0
0.3999999999999999
7.849999999999996
5.099999999999996
-1.0
0.5
1.8000000000000003
8.650000000000002
0.25
0.15000000000000036
-0.55
2.3000000000000003
-0.95
1.9999999999999996
0.5000000000000002
1.1999999999999993
-1.0
-0.95
-0.85
0.3999999999999999
4.899999999999997
2.249999999999997
-0.5
3.549999999999998
0.5500000000000003
-0.09999999999999976
3.9499999999999966
0.9500000000000002
0.7
-1.0
0.6000000000000003
2.1499999999999986
0.7000000000000002
0.050000000000000044
5.849999999999999
-1.0
-0.7
0.20000000000000018
-1.0
16.550000000000036
1.5999999999999996
7.899999999999999
2.1
-0.1499999999999999
0.55
2.4999999999999964
3.599999999999998
3.1999999999999966
-0.6000000000000001
0.050000000000000044
-0.15000000000000002
4.549999999999995
0.10000000000000031
0.5
1.5499999999999998
3.599999999999995
9.199999999999996
5.549999999999996
1.0999999999999992
9.200000000000005
-0.4
-1.0
-0.6000000000000001
-1.0
-0.75
1.35
1.3499999999999996
-0.34999999999999987
2.220446049250313e-16
2.3499999999999974
3.9000000000000004
1.1999999999999997
1.0999999999999996
-0.5
3.799999999999998
-0.8
1.3000000000000003
4.05
0.4500000000000002
-0.5
3.9499999999999993
-0.9
0.5500000000000003
0.25
-0.75
-0.2499999999999999
4.299999999999999
0.3999999999999999
8.650000000000004
0.9500000000000008
1.9499999999999993
4.499999999999997
4.749999999999996
0.6500000000000001
-0.65
0.8999999999999999
-0.95
13.100000000000028
1.5
-1.0
-1.0
-0.5
0.40000000000000013
-0.44999999999999996
2.2999999999999985
4.549999999999997
2.0499999999999985
0.6000000000000003
10.650000000000007
1.3999999999999995
1.2499999999999996
4.999999999999994
0.5000000000000004
0.5
2.949999999999999
3.6499999999999995
-1.0
-0.85
0.050000000000000266
6.149999999999996
-0.15000000000000013
-0.19999999999999984
0.3500000000000001
1.3499999999999996
-0.7
0.9000000000000001
-0.95
1.5499999999999998
-0.04999999999999982
0.30000000000000004
-0.10000000000000009
-0.19999999999999996
1.1
1.7499999999999996
3.0999999999999988
4.249999999999996
-0.5
-0.1499999999999997
2.15
4.099999999999999
7.349999999999994
11.000000000000007
10.850000000000007
-0.09999999999999976
6.399999999999995
2.6499999999999995
5.549999999999999
-0.6000000000000001
-0.65
6.749999999999995
-0.4
-0.2499999999999999
-0.09999999999999987
6.399999999999993
-0.95
-0.65
0.8000000000000003
0.5
8.499999999999993
4.299999999999998
0.09999999999999987
-1.0
-0.95
4.099999999999997
-1.0
1.8499999999999996
-0.8
3.549999999999998
-0.85
6.2499999999999964
-0.75
1.35
2.4999999999999996
1.4500000000000002
0.2999999999999998
0.25
0.6000000000000003
0.19999999999999996
2.6499999999999972
-1.0
1.9
1.3499999999999996
-0.75
1.8999999999999986
1.25
0.7000000000000002
-0.55
4.749999999999997
0.050000000000000266
0.19999999999999996
5.149999999999998
0.2999999999999998
2.500000000000001
1.4
2.0499999999999976
5.099999999999997
-1.0
-0.34999999999999987
1.35
-0.95
3.799999999999997
1.5999999999999996
2.220446049250313e-16
-0.25
2.0
3.599999999999998
5.899999999999998
2.599999999999998
2.649999999999999
0.8500000000000001
4.699999999999998
5.249999999999998
2.399999999999999
0.7000000000000002
-0.15000000000000002
0.8500000000000001
5.949999999999998
1.7499999999999996
0.5000000000000004
5.6499999999999995
-0.7
-0.65
5.099999999999996
5.599999999999994
-0.09999999999999976
1.0000000000000004
-0.20000000000000007
0.25
3.299999999999998
0.15000000000000013
-0.45000000000000007
1.4999999999999996
11.700000000000012
-0.55
0.3500000000000003
5.599999999999996
5.599999999999995
-0.95
5.4499999999999975
5.55
0.04999999999999982
10.950000000000019
3.75
4.199999999999998
4.2
9.350000000000003
-0.95
3.049999999999998
0.5999999999999999
2.2499999999999973
3.5999999999999988
4.799999999999998
3.3
-0.09999999999999998
1.8999999999999986
2.9499999999999993
3.999999999999999
1.6999999999999993
1.6500000000000004
-0.85
-0.65
0.050000000000000266
-1.0
0.8500000000000003
-0.4
1.9500000000000002
8.600000000000009
-0.85
-0.04999999999999993
2.4499999999999993
-0.75
-0.09999999999999953
3.049999999999998
2.5999999999999974
-0.20000000000000007
1.4500000000000002
-0.95
6.349999999999997
-1.0
-1.0
-0.04999999999999993
2.2999999999999994
-0.75
-0.050000000000000044
0.8500000000000001
8.149999999999991
0.8999999999999999
7.3499999999999925
-1.0
0.5500000000000003
2.049999999999998
0.6500000000000001
2.9999999999999987
-0.09999999999999987
1.6999999999999997
4.349999999999995
1.1999999999999997
-1.0
0.10000000000000009
-0.5
8.299999999999997
4.999999999999997
0.15000000000000013
0.30000000000000004
6.649999999999995
-1.0
12.750000000000005
0.40000000000000013
5.149999999999997
1.3999999999999995
0.0
2.799999999999999
5.149999999999998
0.4500000000000002
-0.4
2.399999999999999
1.3999999999999995
3.1499999999999977
0.050000000000000266
2.8500000000000005
1.6999999999999988
1.15
4.7499999999999964
5.999999999999997
-1.0
7.4
1.1999999999999993
9.149999999999997
-1.0
-0.3999999999999999
8.500000000000002
-0.95
3.7
0.10000000000000031
4.199999999999998
1.4499999999999993
5.149999999999998
6.399999999999994
7.099999999999994
-0.55
1.0999999999999996
0.050000000000000044
-0.5
3.9000000000000004
3.3999999999999977
-0.09999999999999998
0.75
1.0
2.95
-0.09999999999999976
-0.7
4.1999999999999975
2.05
0.25
-0.8
1.15
-1.0
-1.0
-0.95
-0.7
-0.85
-0.85
3.25
3.1499999999999986
-0.85
2.5499999999999985
3.55
0.8
4.399999999999993
1.0499999999999998
0.04999999999999982
-0.09999999999999976
-0.29999999999999993
1.2999999999999998
-0.19999999999999984
-0.8
0.5
-0.7
6.449999999999993
3.5
0.55
-0.1499999999999998
-0.65
7.65
4.449999999999998
0.7000000000000004
1.0499999999999998
7.600000000000003
2.7999999999999967
7.649999999999995
2.899999999999998
1.6999999999999993
0.30000000000000004
0.30000000000000027
0.0
4.649999999999994
2.599999999999998
-0.1499999999999998
-0.09999999999999976
1.8999999999999986
1.5499999999999998
-0.95
-0.7
1.3499999999999996
2.499999999999999
-0.7
2.0999999999999988
-0.8
-0.04999999999999971
2.4999999999999982
-0.85
10.449999999999996
17.15000000000003
2.349999999999998
6.949999999999996
1.15
-0.45000000000000007
-0.55
1.6999999999999997
-0.65
-0.9
1.7999999999999985
0.95
-0.2999999999999998
1.0
1.2499999999999996
0.2500000000000002
7.25
4.9499999999999975
1.2000000000000002
2.3499999999999988
3.549999999999997
0.8000000000000005
0.3500000000000001
4.099999999999999
1.0499999999999998
1.7999999999999998
1.4
3.249999999999999
-0.4
4.549999999999997
5.1499999999999995
0.050000000000000044
1.6500000000000004
0.9000000000000006
-1.0
0.2500000000000002
3.2499999999999964
6.899999999999995
8.150000000000006
2.2499999999999973
-0.75
1.7999999999999994
-0.1499999999999999
0.4500000000000002
-0.04999999999999982
-0.09999999999999998
2.5500000000000003
0.2000000000000004
3.549999999999998
6.049999999999996
3.299999999999997
2.9000000000000004
3.9499999999999966
2.399999999999998
0.20000000000000018
0.6500000000000004
-0.20000000000000007
0.10000000000000009
3.6999999999999993
-0.9
3.3499999999999988
-1.0
1.2999999999999998
-1.0
-0.29999999999999993
3.999999999999999
-0.9
2.7999999999999994
-0.35
1.85
-0.19999999999999996
7.5
1.4500000000000002
0.9000000000000001
-0.44999999999999996
1.6499999999999995
6.099999999999997
2.2499999999999996
0.050000000000000044
0.19999999999999996
-0.2999999999999998
0.4999999999999998
3.8999999999999995
-0.3500000000000001
2.35
2.799999999999999
3.8999999999999977
2.849999999999999
1.4499999999999988
1.3000000000000003
-0.35
-1.0
3.849999999999996
1.4999999999999987
-0.34999999999999987
1.5
-1.0
1.8499999999999996
4.549999999999997
-1.0
4.349999999999998
1.1
0.10000000000000031
3.0999999999999996
-0.4
-0.25
1.75
-0.4
5.049999999999998
0.15000000000000013
3.299999999999997
2.299999999999999
0.050000000000000266
-0.44999999999999996
1.7999999999999994
3.1499999999999977
4.849999999999998
10.350000000000005
2.4999999999999973
2.8999999999999986
1.6499999999999995
0.1499999999999999
-1.0
1.3999999999999995
3.599999999999997
-0.95
-0.9
3.4499999999999975
-0.6000000000000001
-0.85
-0.09999999999999987
7.199999999999999
-0.95
-1.0
0.6000000000000001
4.449999999999995
-0.95
-0.95
-0.9
-0.95
1.5499999999999998
12.600000000000025
3.6999999999999984
1.8499999999999983
-0.7
4.999999999999997
11.200000000000001
4.549999999999999
0.8
3.1999999999999975
0.7500000000000002
0.25
-0.85
6.449999999999996
1.7499999999999991
3.7499999999999973
1.6999999999999997
2.399999999999999
2.8499999999999996
4.099999999999999
-0.85
-1.0
-0.04999999999999982
3.0999999999999943
4.25
6.2499999999999964
14.450000000000026
7.600000000000001
-1.0
12.400000000000018
2.549999999999999
3.049999999999998
0.34999999999999987
2.4499999999999993
5.999999999999993
2.3999999999999986
1.5499999999999994
3.4499999999999966
3.549999999999998
-0.050000000000000044
4.149999999999997
-0.09999999999999998
3.8499999999999988
0.7500000000000004
0.7000000000000004
1.4499999999999993
-1.0
3.25
-0.95
-1.0
-0.35
3.1999999999999975
2.5
0.40000000000000013
5.849999999999999
2.45
-0.5
3.0999999999999988
-0.15000000000000002
-0.04999999999999993
1.2999999999999998
-1.0
-0.55
-0.3500000000000001
2.7499999999999987
-0.75
5.399999999999996
10.299999999999997
-0.95
5.4999999999999964
2.1999999999999993
2.149999999999999
2.6999999999999984
-0.45000000000000007
-0.9
3.9999999999999956
8.500000000000004
-0.85
9.500000000000004
4.949999999999993
3.7499999999999964
1.0000000000000004
0.5999999999999999
0.8999999999999999
2.099999999999998
-0.75
5.549999999999997
1.6
6.149999999999998
5.549999999999993
0.3500000000000001
-0.6499999999999999
1.0500000000000007
0.5999999999999996
-0.25
2.1999999999999984
0.75
-0.09999999999999987
4.149999999999997
-0.04999999999999982
2.849999999999997
2.149999999999998
4.899999999999998
7.6
0.15000000000000013
7.349999999999998
0.5
2.8499999999999965
6.299999999999996
1.899999999999999
0.8
1.9999999999999996
1.2999999999999994
-0.6000000000000001
3.3500000000000005
-0.04999999999999993
6.2499999999999964
-1.0
0.2500000000000002
6.799999999999995
3.649999999999997
3.1499999999999986
-0.6499999999999999
3.5999999999999988
-1.0
-0.09999999999999987
-1.0
1.9999999999999991
6.099999999999997
0.15000000000000013
3.8499999999999988
2.1999999999999984
3.2499999999999982
9.20000000000001
2.5499999999999985
-0.8
0.15000000000000013
1.0500000000000003
-0.29999999999999993
4.250000000000001
-0.95
4.549999999999996
15.30000000000003
2.999999999999999
5.599999999999996
1.2499999999999996
1.5999999999999996
1.0499999999999998
4.099999999999996
-0.10000000000000009
2.5000000000000004
1.0500000000000007
1.25
0.7000000000000002
0.8
2.3999999999999995
3.200000000000001
0.20000000000000018
-0.09999999999999998
6.499999999999997
1.0999999999999996
10.750000000000009
0.15000000000000013
2.899999999999999
3.8500000000000005
-0.55
-0.95
0.6500000000000001
-0.29999999999999993
1.15
-0.2499999999999999
1.799999999999998
0.5000000000000002
-1.0
0.7
2.8999999999999986
1.9999999999999987
5.399999999999999
1.6999999999999997
-0.8
-0.65
4.4499999999999975
0.050000000000000044
2.2499999999999987
1.1
6.299999999999998
4.649999999999997
9.100000000000009
-0.95
-0.95
0.6000000000000001
-0.35
1.2999999999999994
0.5500000000000003
0.1499999999999999
3.4999999999999973
-0.85
3.6499999999999977
4.099999999999997
2.8999999999999995
9.050000000000004
5.199999999999996
3.0999999999999988
0.6500000000000001
4.899999999999998
2.9999999999999996
-0.5
-0.2499999999999999
2.4999999999999982
3.2499999999999982
1.5499999999999998
-1.0
0.7500000000000002
0.40000000000000013
2.199999999999999
1.1999999999999993
-0.29999999999999993
0.19999999999999996
3.4499999999999984
0.9000000000000004
8.400000000000002
8.600000000000003
7.399999999999993
3.1499999999999986
1.7499999999999991
-0.19999999999999996
0.5499999999999998
3.0999999999999996
-0.65
-0.95
1.7499999999999996
2.75
4.299999999999996
0.3500000000000001
3.3999999999999986
0.0
12.850000000000021
4.199999999999998
0.25
0.10000000000000009
2.05
1.75
1.6999999999999993
2.449999999999999
-1.0
2.7499999999999956
0.34999999999999987
15.250000000000018
-0.9
-0.04999999999999993
-0.30000000000000004
11.200000000000014
3.6999999999999966
1.6500000000000004
4.099999999999997
0.2500000000000002
6.1499999999999995
-1.0
0.8500000000000001
-0.9
11.700000000000014
5.699999999999997
10.599999999999998
6.099999999999998
2.749999999999999
3.299999999999998
7.75
11.900000000000023
6.799999999999996
4.099999999999999
4.8999999999999995
2.2999999999999985
2.8499999999999983
5.499999999999997
-1.0
9.850000000000016
1.1499999999999995
3.549999999999999
2.1500000000000004
1.1500000000000004
2.35
-1.0
4.099999999999997
4.149999999999996
9.150000000000006
-0.7
13.200000000000003
1.3999999999999995
-0.45000000000000007
5.099999999999996
-0.6000000000000001
8.100000000000007
-1.0
0.9500000000000002
2.6499999999999972
6.399999999999996
9.450000000000015
5.099999999999996
-1.0
2.949999999999997
5.199999999999999
3.799999999999999
-0.3999999999999999
-0.65
3.9999999999999982
0.4500000000000002
3.899999999999997
9.750000000000025
-0.44999999999999996
2.7999999999999985
3.149999999999996
9.150000000000004
6.699999999999995
0.9500000000000002
-0.24999999999999978
1.8999999999999986
8.650000000000006
-0.9
3.8999999999999986
1.9000000000000004
-0.5
5.299999999999999
8.049999999999997
-0.75
-0.1499999999999999
4.749999999999996
-0.9
-0.35
11.8
-0.65
2.449999999999999
3.4999999999999973
1.4000000000000004
1.3000000000000003
1.0000000000000004
0.6000000000000003
0.75
1.0
4.699999999999999
-0.65
6.499999999999996
3.549999999999998
6.549999999999993
4.1499999999999995
3.55
2.4499999999999993
-0.95
-1.0
6.899999999999995
-0.55
0.6500000000000001
0.4500000000000002
1.6000000000000005
-0.5
0.6000000000000001
2.749999999999998
0.55
-0.35
-0.44999999999999996
7.8000000000000025
8.850000000000007
-0.95
0.050000000000000044
0.25
-0.6000000000000001
0.8499999999999999
4.149999999999993
-0.4
1.9999999999999996
3.349999999999998
14.200000000000008
5.999999999999996
0.3500000000000001
1.3000000000000003
13.300000000000024
5.899999999999997
3.0999999999999996
7.799999999999997
8.249999999999991
3.1999999999999966
-0.75
0.20000000000000018
0.8999999999999999
3.5999999999999988
0.8999999999999999
6.599999999999998
-1.0
3.9999999999999956
5.999999999999997
-0.85
2.6
-1.0
0.050000000000000044
8.150000000000006
0.30000000000000004
7.549999999999999
-0.8
4.449999999999998
6.549999999999997
0.8500000000000003
-0.1499999999999999
4.399999999999995
2.4999999999999982
1.3000000000000003
11.100000000000003
-1.0
1.5999999999999992
1.9499999999999988
2.099999999999998
0.7999999999999998
8.550000000000008
-1.0
6.099999999999998
0.75
0.34999999999999987
3.6499999999999986
3.1999999999999975
0.1499999999999999
8.399999999999997
4.2499999999999964
-0.25
1.5499999999999998
2.45
5.899999999999996
-0.55
-1.0
-1.0
0.9000000000000001
7.6
3.0999999999999996
-0.75
6.149999999999996
-1.0
2.1500000000000004
-0.3500000000000001
1.0999999999999996
3.7499999999999964
1.5999999999999992
2.3999999999999986
-0.4
0.7
-0.3999999999999999
-0.5
15.000000000000014
0.8999999999999999
17.900000000000038
-0.44999999999999996
-1.0
-0.6000000000000001
4.849999999999997
1.9500000000000006
2.1999999999999993
0.30000000000000004
0.0
2.1999999999999993
1.0999999999999996
7.3499999999999925
13.550000000000017
0.7000000000000002
6.849999999999996
8.650000000000011
2.3999999999999977
6.499999999999996
5.049999999999999
3.4999999999999956
2.6999999999999993
1.2999999999999994
-0.04999999999999993
6.9999999999999964
0.3500000000000001
9.849999999999996
1.4499999999999997
9.000000000000007
0.15000000000000013
6.049999999999999
0.15000000000000013
-1.0
1.5999999999999996
-0.7
5.449999999999997
0.5500000000000005
-0.95
-1.0
1.25
4.449999999999998
-1.0
0.4500000000000002
5.549999999999996
2.220446049250313e-16
0.7500000000000004
3.299999999999997
0.050000000000000044
0.3500000000000001
0.10000000000000009
0.2500000000000002
-0.1499999999999999
0.34999999999999987
-0.85
0.050000000000000044
1.9499999999999988
3.0999999999999996
0.2500000000000002
1.3999999999999995
2.699999999999999
0.7000000000000002
2.1
6.699999999999997
0.5000000000000004
0.6500000000000001
3.049999999999998
0.2999999999999998
1.6999999999999997
0.30000000000000004
-0.65
0.34999999999999987
7.349999999999996
0.6000000000000003
2.6
10.050000000000006
2.7499999999999987
0.8499999999999996
1.4499999999999993
1.0500000000000003
2.75
2.9999999999999982
3.149999999999997
-0.5
0.6500000000000001
0.19999999999999996
7.999999999999998
-0.6000000000000001
3.1999999999999993
1.9500000000000002
5.499999999999999
3.6999999999999984
0.6500000000000001
4.1499999999999995
2.499999999999999
3.0999999999999988
-0.6
-0.95
-1.0
-0.2499999999999999
0.5000000000000004
0.7000000000000004
9.300000000000013
3.3000000000000007
7.299999999999997
6.649999999999996
-1.0
8.050000000000002
-1.0
12.200000000000031
1.7499999999999996
-1.0
-0.35
-0.6
0.30000000000000004
-0.55
-0.65
-1.0
2.9999999999999982
3.4499999999999993
-0.65
-0.5
1.7499999999999996
2.4499999999999984
-0.29999999999999993
8.1
0.2000000000000004
2.3999999999999977
2.0500000000000003
4.8999999999999995
-0.1499999999999997
2.1499999999999995
7.800000000000001
4.849999999999998
1.5499999999999994
-0.4
-0.95
1.5000000000000009
8.80000000000001
0.050000000000000266
3.4499999999999957
5.999999999999997
-0.5
0.8000000000000003
0.6000000000000001
0.20000000000000018
1.25
-1.0
15.450000000000038
-0.8
1.3000000000000003
4.599999999999999
-0.9
-0.95
-0.29999999999999993
0.5499999999999998
-0.19999999999999984
7.749999999999998
3.3999999999999995
0.95
-0.30000000000000004
0.5999999999999999
-0.85
4.449999999999999
1.1999999999999997
1.6
2.4
0.8499999999999999
4.099999999999995
2.649999999999999
-0.95
-1.0
1.0999999999999996
3.8000000000000007
-0.25
-0.55
1.5999999999999992
12.300000000000017
9.199999999999994
13.550000000000026
8.750000000000016
0.5999999999999999
5.199999999999997
1.5000000000000004
-1.0
6.099999999999997
5.449999999999996
2.7499999999999987
1.15
1.4
1.75
1.0999999999999996
4.549999999999995
1.0999999999999996
-0.45000000000000007
-0.35
-0.3999999999999999
6.199999999999995
-0.85
0.9499999999999995
0.5500000000000003
11.400000000000022
-0.6000000000000001
3.4499999999999984
-0.7
-0.44999999999999996
6.949999999999994
9.850000000000001
1.0
6.499999999999998
0.30000000000000004
3.4499999999999993
6.299999999999997
1.8499999999999992
7.449999999999999
3.1999999999999966
3.4999999999999982
-0.85
-0.6000000000000001
5.2499999999999964
-0.19999999999999996
5.249999999999995
1.8499999999999996
-0.34999999999999987
0.10000000000000009
1.2999999999999994
0.10000000000000009
1.4
-1.0
4.349999999999997
2.1
4.149999999999997
12.700000000000022
3.2499999999999982
2.6999999999999984
-0.95
1.1
5.499999999999999
3.4999999999999982
5.149999999999997
-0.8
-0.85
1.3499999999999992
0.8
-0.30000000000000004
-0.9
-0.95
0.7500000000000002
-1.0
5.249999999999998
0.2500000000000002
-0.04999999999999982
2.499999999999999
-1.0
12.65000000000001
-0.09999999999999987
0.6000000000000001
0.050000000000000044
2.4
9.500000000000005
2.299999999999997
4.299999999999999
-0.4999999999999999
-0.34999999999999987
-0.85
0.44999999999999996
2.199999999999999
2.8999999999999977
2.1999999999999993
2.5999999999999983
4.149999999999996
1.6499999999999995
3.6999999999999993
-0.9
3.4499999999999975
0.09999999999999987
3.849999999999997
0.15000000000000013
0.0
1.9499999999999988
0.8500000000000001
2.65
0.3500000000000001
-0.6000000000000001
-0.6000000000000001
5.349999999999996
4.499999999999997
12.200000000000012
-0.44999999999999996
0.9000000000000001
2.899999999999998
1.9499999999999997
8.0
0.09999999999999987
3.5999999999999988
5.149999999999995
3.6999999999999975
6.849999999999997
2.2499999999999987
3.1499999999999986
-0.19999999999999996
3.3499999999999996
2.3999999999999977
2.0999999999999988
0.2500000000000002
-0.5
-0.6
1.3999999999999995
3.4499999999999966
5.549999999999997
-0.75
-0.04999999999999993
-1.0
0.050000000000000266
1.1000000000000005
5.749999999999997
-0.3999999999999999
1.3499999999999988
0.8999999999999999
-0.7
1.2499999999999996
0.30000000000000027
-0.050000000000000044
2.499999999999999
-0.95
2.8999999999999964
2.749999999999997
2.4499999999999997
1.4999999999999996
0.8000000000000003
8.650000000000002
-1.0
0.7000000000000002
-0.55
0.30000000000000004
2.3999999999999977
0.2500000000000002
11.20000000000001
2.25
-0.1499999999999998
-1.0
2.499999999999999
2.9999999999999987
0.6499999999999999
-0.6000000000000001
1.5999999999999996
1.8999999999999986
4.749999999999997
0.5000000000000002
0.10000000000000031
1.5499999999999985
10.750000000000009
0.9500000000000002
1.75
0.6000000000000001
0.7
2.7999999999999976
3.55
-0.5
7.349999999999996
1.549999999999999
1.3499999999999996
5.55
10.25000000000001
6.099999999999993
8.050000000000006
3.4999999999999964
1.7499999999999991
3.05
1.4499999999999993
-0.6
-1.0
0.7500000000000002
-1.0
0.8
4.05
-0.35
0.1499999999999999
0.050000000000000044
-0.6000000000000001
0.19999999999999996
6.249999999999998
4.0499999999999945
-0.7
1.6999999999999997
-1.0
0.30000000000000004
0.20000000000000018
1.2499999999999996
4.1
0.5
8.549999999999995
0.8000000000000003
-1.0
4.899999999999999
0.44999999999999996
4.749999999999997
3.75
5.099999999999997
0.09999999999999987
-0.75
0.6500000000000008
10.800000000000013
-0.09999999999999998
0.1499999999999999
-1.0
0.20000000000000018
8.500000000000009
1.8999999999999995
3.3499999999999996
0.8499999999999999
2.699999999999998
-0.9
-1.0
1.1999999999999997
0.55
-0.29999999999999993
0.75
0.9500000000000002
-1.0
1.6999999999999984
-0.4
-0.15000000000000002
6.599999999999998
-0.55
-1.0
5.949999999999996
1.3499999999999992
3.8499999999999996
0.4999999999999998
5.449999999999996
1.5999999999999996
6.249999999999997
8.2
1.75
2.55
2.4499999999999997
3.949999999999995
-1.0
1.65
2.2499999999999996
-0.09999999999999987
2.649999999999999
2.35
0.5999999999999999
10.550000000000008
1.9999999999999982
3.8999999999999986
1.8499999999999983
4.350000000000001
-0.44999999999999996
0.9000000000000004
-0.19999999999999984
2.949999999999999
0.050000000000000044
1.4
1.4
3.749999999999999
11.050000000000013
3.599999999999997
-1.0
2.7499999999999982
4.799999999999997
5.749999999999998
-0.1499999999999999
1.799999999999999
1.2499999999999996
-0.95
-1.0
1.3499999999999996
4.249999999999997
-1.0
1.65
5.749999999999997
-0.95
4.649999999999997
1.9499999999999997
0.8
2.699999999999999
3.8999999999999995
7.949999999999996
3.95
3.2499999999999964
2.8999999999999995
-0.25
3.9499999999999957
-0.2499999999999999
-1.0
6.399999999999994
3.549999999999999
-1.0
0.3500000000000001
4.699999999999998
3.099999999999998
1.5
-0.85
0.19999999999999996
0.10000000000000031
3.549999999999997
0.0
0.3500000000000001
0.4500000000000002
3.299999999999999
5.3
1.649999999999999
7.450000000000001
12.1
1.0500000000000003
1.4499999999999993
3.1999999999999993
8.600000000000001
-0.95
5.7499999999999964
2.4499999999999997
2.199999999999998
8.499999999999996
7.75
1.65
-0.4
6.949999999999998
4.049999999999999
3.799999999999998
3.1999999999999993
7.950000000000001
1.25
15.350000000000037
0.44999999999999996
15.850000000000016
-0.75
4.1499999999999995
3.899999999999997
8.700000000000012
6.4499999999999975
3.9999999999999973
1.8499999999999996
0.55
2.1499999999999995
3.2499999999999982
2.2499999999999973
0.7000000000000002
2.8999999999999977
12.450000000000022
2.0999999999999996
7.499999999999998
1.8499999999999988
3.2499999999999982
0.2999999999999998
-0.8
2.6499999999999986
22.950000000000063
1.1
0.2999999999999998
0.7000000000000004
4.55
2.449999999999999
1.25
6.899999999999996
2.899999999999997
3.999999999999999
4.3
4.549999999999999
3.0999999999999996
1.1999999999999997
4.049999999999998
1.0000000000000004
8.499999999999998
0.7500000000000004
-0.1499999999999999
-1.0
2.2499999999999996
5.9499999999999975
1.9999999999999987
5.349999999999999
3.0999999999999988
2.9499999999999997
4.599999999999999
-1.0
-1.0
1.2999999999999994
1.2999999999999994
-0.75
13.550000000000038
-1.0
-1.0
2.199999999999998
2.6999999999999984
1.7499999999999978
2.549999999999998
0.5
7.699999999999999
-0.95
5.249999999999996
6.199999999999996
2.35
4.599999999999994
-0.44999999999999996
0.7
1.7499999999999982
0.75
10.299999999999999
2.649999999999998
0.5
3.3499999999999988
1.0499999999999998
0.30000000000000027
1.649999999999999
1.1999999999999993
5.799999999999997
0.4999999999999998
2.4999999999999973
-0.4
24.55000000000006
3.3999999999999995
-0.35
0.4500000000000002
16.450000000000024
2.299999999999999
5.799999999999993
-0.5
-0.5499999999999999
-0.9
2.0999999999999983
2.3999999999999964
3.849999999999998
-0.34999999999999987
0.3500000000000001
0.6499999999999999
5.749999999999996
3.6999999999999966
2.2999999999999976
10.349999999999996
0.75
2.55
1.1499999999999995
4.55
2.099999999999999
-0.2999999999999998
4.349999999999999
0.4500000000000002
7.049999999999995
0.7500000000000002
7.400000000000004
10.350000000000001
5.2499999999999964
-0.55
-0.5
3.05
1.8999999999999995
-0.1499999999999998
3.549999999999999
5.349999999999996
-1.0
2.0
1.4499999999999997
5.399999999999999
4.049999999999999
4.1
-0.45000000000000007
2.85
-1.0
2.45
0.3999999999999999
1.4999999999999987
2.9999999999999996
-0.5
-0.5
4.649999999999997
2.099999999999999
1.0
-0.35
1.9999999999999982
5.349999999999999
4.999999999999997
3.1999999999999984
1.2999999999999998
4.599999999999998
0.30000000000000004
-0.9
13.400000000000011
-1.0
0.40000000000000013
1.5
-0.75
-0.35
-0.3500000000000001
-1.0
2.999999999999999
-0.7
-0.9
7.149999999999995
0.6500000000000001
2.1499999999999995
9.500000000000014
7.5999999999999925
4.699999999999993
-0.95
1.2999999999999998
0.30000000000000004
-0.3500000000000001
2.2499999999999996
11.650000000000002
0.19999999999999973
1.6999999999999997
3.3499999999999988
5.849999999999999
-1.0
3.1999999999999975
-0.9
-0.95
2.2999999999999994
-0.25
4.649999999999998
1.4500000000000002
-0.1499999999999999
2.7999999999999967
-0.34999999999999987
-0.7
5.249999999999998
4.449999999999996
-0.75
1.8999999999999995
8.150000000000006
0.15000000000000013
2.799999999999998
3.3999999999999977
0.20000000000000018
0.6000000000000001
2.249999999999999
-0.1499999999999998
4.249999999999997
0.8499999999999996
9.900000000000011
-0.1499999999999999
5.4499999999999975
0.34999999999999987
9.750000000000007
3.6999999999999975
3.1499999999999995
2.05
-0.2499999999999999
6.149999999999999
2.4499999999999966
7.85
0.2000000000000004
0.7999999999999998
2.3999999999999986
-0.2999999999999998
2.999999999999999
1.25
3.9499999999999975
0.25
-0.25
-0.29999999999999993
0.10000000000000031
-0.95
0.0
1.5999999999999996
2.9499999999999997
-1.0
5.899999999999997
3.049999999999999
3.849999999999997
6.499999999999995
1.4500000000000002
-0.09999999999999998
-1.0
2.349999999999999
-0.29999999999999993
3.700000000000001
5.0499999999999945
2.899999999999996
3.4000000000000004
-0.95
1.15
-0.09999999999999998
0.75
4.699999999999998
-0.15000000000000002
-0.4
2.0999999999999988
3.6999999999999957
0.5
0.8
-0.45000000000000007
-1.0
4.649999999999995
2.0999999999999983
14.650000000000018
9.550000000000002
5.249999999999996
2.4499999999999984
-0.35
2.4999999999999987
3.6499999999999995
3.6000000000000005
-1.0
0.0
1.6999999999999997
2.8499999999999996
1.9499999999999997
1.0
9.600000000000003
9.150000000000007
5.649999999999997
3.249999999999999
-0.6000000000000001
5.999999999999995
0.6500000000000001
6.199999999999995
0.7
4.299999999999997
1.4499999999999993
-0.9
1.25
2.1499999999999995
0.4500000000000002
3.3999999999999986
8.000000000000004
3.9999999999999973
6.099999999999994
12.200000000000003
6.8999999999999915
-0.4
4.949999999999998
-0.19999999999999996
1.4000000000000004
-0.7
5.349999999999995
5.499999999999998
-1.0
5.899999999999995
1.0
2.849999999999999
-1.0
6.8499999999999925
-1.0
0.9000000000000001
0.19999999999999996
0.10000000000000009
1.0
10.350000000000005
-0.65
15.60000000000003
3.8999999999999986
-1.0
3.299999999999999
3.4499999999999993
0.10000000000000009
-0.6000000000000001
4.999999999999997
8.200000000000003
1.6499999999999995
-0.19999999999999996
4.899999999999998
0.050000000000000044
1.6499999999999995
-0.44999999999999996
0.8000000000000005
1.2000000000000002
3.3
-1.0
1.8499999999999992
-1.0
3.149999999999997
-0.55
4.749999999999996
0.34999999999999987
0.0
-0.09999999999999998
-0.85
1.899999999999999
8.4
0.3999999999999999
2.049999999999999
1.4000000000000004
4.449999999999998
-1.0
7.099999999999998
-1.0
5.499999999999999
-0.6
0.15000000000000013
5.599999999999995
-0.19999999999999996
-0.9
8.849999999999998
-0.95
0.0
-1.0
-0.8
8.450000000000003
-1.0
4.6499999999999995
6.949999999999995
0.30000000000000004
6.299999999999999
2.949999999999999
5.649999999999997
3.1499999999999995
3.9499999999999975
1.2499999999999996
7.2499999999999964
3.7499999999999964
1.6000000000000005
4.4999999999999964
-0.19999999999999996
0.19999999999999996
4.399999999999998
-0.75
3.9499999999999975
3.849999999999997
0.55
1.0500000000000003
0.8500000000000003
4.449999999999994
11.600000000000007
14.250000000000018
2.799999999999998
-0.8
7.049999999999997
10.50000000000002
0.6999999999999997
-0.45000000000000007
5.149999999999997
0.0
0.04999999999999982
-0.34999999999999987
0.40000000000000013
2.749999999999999
-0.95
-0.09999999999999987
1.5499999999999994
-1.0
2.0499999999999994
12.300000000000024
6.349999999999995
0.09999999999999987
0.5499999999999998
6.349999999999997
-1.0
1.7499999999999996
-0.20000000000000007
9.700000000000005
-0.6000000000000001
7.549999999999997
-1.0
1.6999999999999997
1.5499999999999994
-0.85
0.8000000000000003
6.999999999999994
0.6500000000000001
1.85
5.699999999999996
7.099999999999996
-0.7
4.349999999999996
0.050000000000000044
0.5000000000000002
2.6499999999999986
14.350000000000025
1.9499999999999993
7.35
1.3000000000000003
6.1000000000000005
7.499999999999998
-0.55
0.30000000000000027
0.55
-0.44999999999999984
0.5500000000000003
-0.09999999999999987
-0.95
-0.050000000000000044
7.549999999999995
6.049999999999995
1.0999999999999996
-0.75
10.800000000000022
1.15
-0.1499999999999999
6.9499999999999975
11.80000000000001
2.949999999999998
4.749999999999995
4.849999999999997
0.4500000000000002
6.899999999999995
2.5999999999999988
5.349999999999993
-0.95
5.249999999999995
-0.55
1.549999999999999
7.15
4.349999999999998
0.5
7.349999999999996
3.799999999999997
0.5
-0.8
5.899999999999996
-0.29999999999999993
-0.30000000000000004
4.599999999999996
3.099999999999997
-0.95
-0.85
-1.0
0.6500000000000004
-0.95
-1.0
0.2999999999999998
0.5999999999999999
4.999999999999998
4.499999999999998
3.599999999999998
-0.7
7.500000000000002
0.09999999999999987
-0.15000000000000002
-0.35
0.25
0.1499999999999999
-0.45000000000000007
2.2499999999999982
0.7
2.2999999999999994
-0.35
3.799999999999997
1.9999999999999996
7.099999999999996
5.349999999999994
6.449999999999996
-0.85
1.25
1.1000000000000005
-0.55
-1.0
0.8999999999999999
0.3999999999999999
-0.35
2.249999999999999
2.949999999999998
1.0
10.9
0.44999999999999996
2.949999999999997
0.95
5.199999999999997
1.8499999999999992
0.7000000000000004
-0.09999999999999998
-1.0
6.249999999999996
-1.0
1.7999999999999998
-1.0
7.800000000000001
13.350000000000023
-0.7
-0.85
1.899999999999999
3.799999999999999
-0.1499999999999999
0.8500000000000003
6.299999999999997
-0.6000000000000001
1.0000000000000004
6.599999999999993
2.599999999999998
12.900000000000004
-1.0
-0.3999999999999999
6.149999999999998
4.099999999999998
1.9000000000000004
3.4499999999999975
4.9499999999999975
-1.0
4.799999999999996
3.6999999999999984
0.7000000000000002
1.35
-0.7
1.4000000000000004
17.75000000000004
-1.0
4.649999999999996
2.6499999999999995
6.449999999999994
-0.6000000000000001
2.2499999999999982
8.749999999999996
3.4999999999999982
-1.0
11.100000000000005
1.8999999999999986
3.049999999999998
9.550000000000004
-0.6000000000000001
2.4499999999999993
-0.85
4.8
-0.9
1.3000000000000003
1.6499999999999986
1.9499999999999997
-0.19999999999999996
-0.95
-0.85
0.19999999999999996
-0.5
11.300000000000034
2.0
4.599999999999999
1.2000000000000002
3.8999999999999995
3.4499999999999957
3.6999999999999984
2.7499999999999996
10.250000000000004
1.8999999999999986
3.4999999999999973
0.7000000000000002
0.7500000000000002
1.2499999999999996
0.30000000000000027
0.40000000000000013
1.899999999999999
-0.95
5.349999999999998
0.10000000000000009
-0.75
0.5500000000000003
0.6500000000000001
0.0
3.1499999999999986
10.400000000000002
-0.45000000000000007
-0.75
-0.85
4.549999999999999
2.1999999999999975
-0.44999999999999996
14.600000000000032
-0.19999999999999996
2.299999999999996
0.30000000000000004
3.649999999999997
7.799999999999999
1.3999999999999995
1.4500000000000006
-0.10000000000000009
-0.95
4.249999999999997
4.899999999999996
6.399999999999996
1.3999999999999995
10.550000000000008
1.4499999999999988
18.500000000000032
-1.0
2.4999999999999996
10.850000000000007
-0.85
1.5999999999999992
4.849999999999997
1.2499999999999996
-1.0
3.599999999999997
0.050000000000000044
0.30000000000000004
1.15
4.299999999999997
3.6499999999999986
0.75
6.5999999999999925
2.35
3.9499999999999993
0.75
1.5499999999999994
4.9
4.549999999999995
7.149999999999999
2.2499999999999996
5.849999999999995
1.3000000000000003
9.250000000000004
5.349999999999999
3.599999999999995
-0.09999999999999976
3.599999999999996
1.5999999999999988
21.500000000000032
-0.55
-0.95
-0.09999999999999987
2.0499999999999994
0.75
0.0
-0.8
0.7
-0.19999999999999996
0.9500000000000002
3.349999999999997
5.599999999999995
9.500000000000009
2.9999999999999987
-0.19999999999999984
0.7999999999999998
-0.15000000000000002
-0.85
5.399999999999995
1.6500000000000004
5.549999999999998
1.0999999999999996
-1.0
-1.0
1.9999999999999982
2.5499999999999985
1.6
3.9499999999999966
8.0
1.8499999999999996
3.8999999999999986
2.5999999999999996
0.8000000000000003
6.749999999999997
27.450000000000056
-0.6000000000000001
6.099999999999997
9.250000000000005
4.499999999999999
-0.04999999999999993
-0.44999999999999996
-0.5
0.3500000000000001
1.3499999999999996
-0.4
3.7499999999999982
2.0999999999999996
0.4500000000000004
1.7499999999999987
-0.7
4.199999999999997
8.199999999999996
1.4499999999999993
0.5499999999999998
-0.9
7.449999999999999
0.5499999999999998
-1.0
0.7000000000000002
6.549999999999995
-0.34999999999999987
0.40000000000000013
3.6499999999999977
6.15
2.7999999999999963
3.05
0.8500000000000001
-0.5499999999999999
2.4499999999999984
2.4999999999999987
4.249999999999999
1.6500000000000004
-0.8
-1.0
2.220446049250313e-16
1.0
0.3500000000000001
1.4999999999999991
5.149999999999999
0.34999999999999987
-0.5
-0.65
1.4499999999999988
13.800000000000026
-1.0
0.9000000000000001
5.349999999999996
3.049999999999997
0.8500000000000005
1.399999999999999
2.4999999999999982
-1.0
2.699999999999998
-0.44999999999999996
-0.7
-1.0
12.050000000000018
7.649999999999997
0.5499999999999998
6.1999999999999975
-1.0
3.649999999999997
3.4499999999999975
2.3499999999999996
-0.44999999999999996
9.050000000000002
2.8499999999999974
5.949999999999996
1.5499999999999985
1.2499999999999996
4.4499999999999975
-0.75
0.8500000000000003
1.7499999999999987
5.099999999999997
-0.9
6.999999999999994
0.15000000000000013
6.099999999999995
0.8500000000000001
0.15000000000000013
1.5
-0.04999999999999971
6.249999999999998
1.0000000000000004
0.75
-0.19999999999999996
-0.09999999999999998
0.9000000000000006
0.10000000000000009
-0.65
5.899999999999999
1.3499999999999992
1.7999999999999994
4.699999999999999
1.2499999999999996
0.2999999999999998
0.10000000000000009
0.8499999999999999
0.30000000000000004
1.0500000000000003
7.350000000000001
-0.1499999999999999
8.050000000000002
1.4499999999999993
-0.44999999999999996
1.6999999999999997
0.1499999999999999
1.2000000000000006
-1.0
0.7
0.6500000000000004
2.9499999999999997
0.15000000000000013
2.2999999999999985
1.5499999999999998
-0.5499999999999999
0.7500000000000007
-0.6000000000000001
0.25
1.15
2.220446049250313e-16
-0.19999999999999996
5.799999999999995
4.049999999999998
5.599999999999999
3.049999999999999
1.0
-0.55
0.8
11.100000000000009
0.8
3.2499999999999973
0.5999999999999999
4.199999999999997
5.299999999999996
-0.1499999999999999
5.3999999999999995
3.1499999999999995
0.44999999999999973
0.0
-0.2999999999999998
5.299999999999997
5.299999999999996
1.0499999999999998
1.1000000000000005
2.5499999999999985
2.4999999999999987
-0.6
2.2999999999999985
2.6999999999999997
0.5999999999999999
0.40000000000000036
2.6999999999999993
-1.0
3.1999999999999993
0.55
1.1999999999999997
1.6499999999999995
0.6000000000000001
-0.09999999999999998
8.899999999999997
5.349999999999999
2.1
-0.44999999999999996
-0.85
1.15
1.2999999999999994
-0.30000000000000004
2.949999999999998
2.6499999999999995
2.549999999999999
4.799999999999996
-1.0
2.3499999999999988
4.899999999999998
2.2499999999999982
-0.8
-0.1499999999999999
6.3999999999999995
1.2999999999999998
2.599999999999999
6.749999999999997
-0.09999999999999998
2.7499999999999987
-0.95
8.35
0.6000000000000008
7.949999999999999
-1.0
2.4999999999999996
1.0
2.049999999999998
-1.0
9.750000000000005
0.10000000000000009
0.1499999999999999
3.1999999999999984
1.4000000000000008
11.900000000000007
-0.30000000000000004
0.5000000000000004
5.399999999999994
3.2999999999999945
0.8500000000000003
0.9000000000000001
0.5499999999999998
-0.8
2.8
16.75000000000001
7.2499999999999964
-0.9
2.1
0.19999999999999996
4.199999999999998
1.9000000000000004
0.7000000000000002
0.2999999999999998
-0.85
2.799999999999998
0.5000000000000002
0.30000000000000027
5.049999999999997
1.4
3.4499999999999975
5.649999999999997
3.149999999999997
19.200000000000017
2.2499999999999987
5.299999999999999
1.4499999999999993
4.249999999999997
11.750000000000009
2.6999999999999993
0.30000000000000027
0.6000000000000003
-1.0
8.049999999999999
3.3500000000000005
-0.55
13.100000000000016
1.1
6.499999999999994
2.399999999999997
-0.4
-0.6000000000000001
6.949999999999995
-1.0
-1.0
1.6
4.199999999999997
1.8499999999999996
7.1999999999999975
3.0999999999999996
0.20000000000000018
3.55
8.200000000000001
2.1999999999999984
7.549999999999997
6.499999999999998
8.700000000000001
0.4500000000000002
0.30000000000000004
-1.0
1.9999999999999996
2.499999999999999
-0.95
10.350000000000003
0.2999999999999998
0.7000000000000002
2.9499999999999984
4.199999999999999
5.399999999999998
0.5500000000000003
2.7999999999999976
6.049999999999996
0.10000000000000009
1.1999999999999997
-0.65
1.9499999999999997
2.949999999999997
4.099999999999996
-0.35
5.2999999999999945
2.75
1.1
0.5999999999999996
1.3500000000000005
2.4999999999999982
8.100000000000005
3.349999999999998
5.699999999999997
1.15
5.899999999999997
21.600000000000055
11.050000000000004
3.0999999999999988
-1.0
0.5
2.499999999999999
-1.0
6.149999999999998
2.4999999999999982
7.799999999999999
4.149999999999996
2.4499999999999984
1.5
-0.19999999999999996
3.549999999999998
-1.0
1.1500000000000004
1.1999999999999993
1.9999999999999982
4.249999999999999
1.3499999999999996
-0.95
-0.7
0.44999999999999996
2.899999999999998
0.1499999999999999
0.10000000000000009
2.2
1.7999999999999998
4.699999999999997
4.649999999999994
0.44999999999999973
1.0
-0.95
5.349999999999994
2.149999999999999
2.049999999999998
5.249999999999995
1.549999999999999
-1.0
-0.9
1.0500000000000003
-0.8
2.1999999999999993
0.050000000000000044
5.849999999999995
6.749999999999991
-1.0
4.999999999999998
0.7000000000000002
6.549999999999993
4.699999999999999
-0.95
1.4499999999999984
1.7499999999999996
2.5999999999999988
1.0
-0.6000000000000001
-1.0
-0.9
7.900000000000004
0.40000000000000013
2.3999999999999995
0.25
2.349999999999999
8.749999999999996
-0.09999999999999987
0.9500000000000002
-0.30000000000000004
2.8
-0.19999999999999996
-1.0
0.7500000000000002
-0.8
3.4999999999999964
7.650000000000002
-0.35
2.9999999999999996
-0.5
4.4999999999999964
7.1
1.7999999999999994
-0.3500000000000001
1.1
-1.0
0.6499999999999999
3.299999999999998
4.349999999999998
4.85
11.900000000000022
0.7999999999999998
1.9499999999999993
2.549999999999999
0.6499999999999999
0.8500000000000001
-1.0
12.750000000000025
0.30000000000000004
5.599999999999994
1.9
-1.0
1.5500000000000003
2.9999999999999982
0.15000000000000013
0.10000000000000009
3.4499999999999975
9.049999999999999
2.899999999999999
7.099999999999996
8.500000000000002
1.5
6.249999999999994
-0.95
1.4999999999999991
-1.0
1.7499999999999996
1.4499999999999988
-0.44999999999999996
3.3999999999999995
0.19999999999999996
3.6499999999999995
5.349999999999997
0.9000000000000004
0.6000000000000003
1.8999999999999981
-1.0
4.699999999999997
0.7000000000000002
4.549999999999997
11.250000000000014
8.6
0.9000000000000001
3.6499999999999977
3.1499999999999995
-0.25
4.0
5.749999999999997
0.3500000000000001
-0.3999999999999999
2.149999999999998
-1.0
1.2499999999999996
1.1999999999999997
1.0499999999999998
-1.0
2.049999999999998
-1.0
2.220446049250313e-16
2.9000000000000004
4.5499999999999945
1.2499999999999996
1.4
0.15000000000000013
2.149999999999999
2.8499999999999965
2.449999999999999
1.999999999999997
-1.0
2.799999999999999
0.5499999999999998
4.349999999999997
7.949999999999994
0.20000000000000018
-0.4
0.4500000000000002
4.549999999999996
1.5999999999999996
2.2
4.1000000000000005
8.400000000000011
0.19999999999999996
3.1999999999999984
0.9499999999999997
5.749999999999998
-0.45000000000000007
4.499999999999999
5.799999999999996
1.5499999999999994
0.95
4.199999999999999
0.3500000000000001
0.5
2.000000000000001
1.0499999999999998
12.700000000000024
0.25
5.999999999999994
4.249999999999999
1.9000000000000004
1.75
1.6500000000000004
-1.0
0.30000000000000004
6.899999999999995
-0.19999999999999996
1.2499999999999991
0.8500000000000001
0.6000000000000001
4.699999999999996
-0.6000000000000001
-0.55
-0.75
-0.95
1.2499999999999991
2.849999999999997
2.2499999999999982
6.349999999999996
3.149999999999997
3.3
0.7999999999999998
-0.19999999999999984
-1.0
1.1999999999999997
3.8999999999999977
1.5999999999999996
2.2999999999999985
0.15000000000000013
1.8499999999999996
3.1499999999999995
3.3999999999999995
1.35
4.549999999999995
0.20000000000000018
4.349999999999998
-0.1499999999999999
1.3000000000000003
4.299999999999996
3.0999999999999988
1.1000000000000005
-1.0
5.4499999999999975
2.099999999999999
1.6500000000000008
1.65
1.9000000000000004
2.6499999999999972
1.4499999999999997
-0.19999999999999996
4.8999999999999995
2.1999999999999993
2.2499999999999987
13.100000000000026
1.1499999999999995
-1.0
1.25
0.10000000000000031
-0.9
0.4500000000000002
-0.5
-0.44999999999999996
-0.19999999999999996
1.15
3.4999999999999956
1.9999999999999987
2.1
6.199999999999997
-0.09999999999999998
-0.1499999999999999
0.4500000000000002
0.7999999999999998
3.299999999999999
3.149999999999996
12.15000000000001
-0.85
3.8999999999999986
1.0500000000000003
-1.0
-0.1499999999999998
3.1499999999999986
4.3
0.6499999999999999
1.1
-0.95
3.349999999999998
1.1
-0.35
0.40000000000000036
4.2999999999999945
0.6500000000000001
-0.45000000000000007
-0.95
-0.04999999999999982
-1.0
-1.0
2.45
2.5
4.299999999999998
-0.35
1.1
1.6999999999999993
4.549999999999996
-0.9
2.699999999999997
0.6000000000000001
3.3499999999999988
2.4499999999999993
2.0999999999999996
3.0999999999999988
8.700000000000001
1.15
1.75
4.999999999999997
-0.55
-0.65
-0.55
-0.85
0.15000000000000013
0.44999999999999996
-0.04999999999999993
6.549999999999998
4.1
-1.0
6.899999999999997
0.1499999999999999
4.449999999999998
5.999999999999997
8.950000000000005
-0.55
-0.2499999999999999
0.2999999999999998
0.30000000000000004
11.600000000000016
4.9999999999999964
0.44999999999999996
3.3499999999999988
0.5500000000000003
8.250000000000004
7.599999999999994
3.1499999999999995
10.70000000000001
2.4499999999999997
-0.95
4.599999999999998
1.3999999999999986
2.299999999999998
1.1499999999999995
0.2500000000000002
4.199999999999998
0.4000000000000006
12.35000000000001
1.0499999999999998
-1.0
5.349999999999995
2.220446049250313e-16
8.950000000000003
3.3999999999999986
-0.55
0.0
2.449999999999999
3.1499999999999995
-0.6000000000000001
7.199999999999996
8.000000000000005
-0.95
0.44999999999999996
-0.95
2.749999999999999
-0.55
-0.7
-0.25
6.7999999999999945
2.2999999999999967
3.1999999999999993
2.649999999999999
1.4999999999999991
-0.3999999999999999
-0.95
-0.5
-0.7
2.2999999999999985
0.30000000000000004
4.349999999999995
6.75
1.1999999999999997
-1.0
-0.4
0.050000000000000266
-0.15000000000000002
2.5999999999999996
2.399999999999997
5.499999999999997
4.399999999999998
0.3500000000000001
1.5999999999999996
0.5499999999999998
4.349999999999997
11.500000000000002
1.649999999999999
2.9499999999999993
2.199999999999997
3.2499999999999982
2.7499999999999996
-1.0
6.1999999999999975
-0.75
4.099999999999999
2.5499999999999994
3.25
9.650000000000002
-0.35
1.5500000000000007
6.6999999999999975
-0.6000000000000001
-0.9
5.45
2.3999999999999995
19.900000000000027
5.599999999999997
0.8500000000000003
7.7500000000000036
0.8500000000000003
0.25
1.9499999999999997
1.2000000000000002
0.44999999999999996
2.4499999999999984
4.349999999999998
3.0999999999999988
0.7000000000000002
-0.65
-0.45000000000000007
2.8499999999999965
-1.0
5.249999999999997
2.4999999999999996
9.800000000000015
1.0
-0.75
1.399999999999999
-0.4
9.300000000000006
15.500000000000007
3.399999999999996
0.2500000000000002
5.6999999999999975
-0.45000000000000007
-0.95
4.849999999999997
-0.6
2.4999999999999996
-0.95
6.649999999999994
6.049999999999995
-0.9
4.3999999999999995
0.7500000000000004
-0.95
1.0
9.150000000000007
2.699999999999997
18.400000000000034
10.85
-0.2499999999999999
1.3000000000000003
0.10000000000000009
-0.85
-0.7
0.5999999999999999
0.6500000000000001
1.8499999999999988
-1.0
2.0999999999999996
-0.95
3.799999999999999
5.499999999999997
5.499999999999996
0.15000000000000013
8.199999999999998
-0.95
-0.95
-1.0
0.050000000000000044
5.85
-0.24999999999999978
2.2499999999999987
2.5499999999999994
3.4999999999999982
1.4
4.749999999999997
0.10000000000000009
0.20000000000000018
-0.9
0.5000000000000002
1.2999999999999994
0.050000000000000044
1.8999999999999995
-1.0
2.999999999999998
3.5500000000000007
6.099999999999995
-0.35
1.1999999999999997
1.4500000000000002
6.049999999999994
-0.4
4.299999999999999
10.10000000000001
12.950000000000015
2.2999999999999994
0.5999999999999996
1.4499999999999997
0.050000000000000266
-0.6
-0.44999999999999996
-0.2499999999999999
-0.29999999999999993
-0.6
7.450000000000001
7.099999999999998
4.899999999999997
2.799999999999998
-0.6000000000000001
2.849999999999999
6.449999999999995
5.899999999999995
4.849999999999996
0.5999999999999996
3.749999999999999
6.399999999999995
6.749999999999998
-0.7
1.7000000000000002
5.499999999999995
0.5499999999999998
-0.44999999999999996
3.4499999999999975
-0.95
1.2999999999999994
6.449999999999998
-0.1499999999999999
-1.0
19.550000000000033
4.199999999999997
2.0499999999999994
3.6999999999999966
11.75000000000001
-0.65
3.5999999999999988
5.099999999999997
0.6000000000000001
3.6499999999999977
2.7
3.2499999999999947
-1.0
2.5999999999999996
0.5500000000000003
4.9499999999999975
-0.09999999999999987
1.4
6.849999999999995
3.899999999999997
3.1499999999999986
1.25
1.1
2.7499999999999987
-0.20000000000000007
0.6500000000000006
8.25
2.399999999999998
0.5500000000000003
0.40000000000000013
2.099999999999999
3.049999999999999
14.00000000000003
0.8500000000000001
3.0999999999999996
-1.0
3.05
-0.29999999999999993
-0.1499999999999999
-1.0
0.7500000000000002
0.8999999999999999
5.899999999999997
16.200000000000024
0.3500000000000001
3.099999999999998
-0.65
2.4
0.5999999999999999
-0.2999999999999998
-1.0
1.0500000000000003
-0.95
6.149999999999999
3.9499999999999984
0.050000000000000044
-0.4
-1.0
-0.4999999999999999
8.650000000000002
0.5
-0.1499999999999999
4.749999999999998
3.9499999999999984
0.7000000000000004
0.25
-0.09999999999999976
-0.3500000000000001
0.35000000000000053
-0.4
6.499999999999994
6.949999999999996
5.749999999999997
5.799999999999996
2.4499999999999997
2.8499999999999988
-0.29999999999999993
0.5999999999999999
-0.95
10.800000000000008
1.3499999999999996
6.699999999999997
5.099999999999996
11.100000000000007
5.099999999999997
-0.8
1.9999999999999996
4.699999999999998
5.049999999999997
2.7999999999999994
2.2
-1.0
4.499999999999995
-1.0
2.1499999999999986
2.9999999999999996
2.449999999999997
9.100000000000007
0.8999999999999999
4.649999999999998
0.050000000000000266
0.75
1.6999999999999993
12.35000000000002
5.449999999999999
5.7499999999999964
-1.0
5.249999999999992
4.699999999999996
0.8000000000000005
0.050000000000000044
0.9500000000000002
-0.9
6.849999999999997
2.449999999999997
0.6000000000000003
-0.1499999999999999
-0.35
11.050000000000017
0.3500000000000003
13.400000000000029
5.049999999999997
2.149999999999998
2.099999999999997
-0.95
-0.25
3.55
0.30000000000000004
2.549999999999999
3.1499999999999977
5.599999999999997
-0.5499999999999999
2.7999999999999994
3.3999999999999986
0.9000000000000004
-0.9
-0.04999999999999971
2.7999999999999994
-0.6
3.799999999999998
-0.2999999999999998
9.000000000000009
3.2499999999999982
3.1499999999999977
-0.2999999999999998
-1.0
5.249999999999998
0.5500000000000003
-0.19999999999999996
0.050000000000000044
0.20000000000000018
3.4999999999999982
0.6000000000000001
18.40000000000003
0.050000000000000044
-0.10000000000000009
-0.29999999999999993
13.550000000000038
18.05000000000003
1.0999999999999996
0.30000000000000027
1.949999999999998
3.55
-0.85
3.0999999999999988
-0.4
2.1499999999999995
3.2999999999999963
-1.0
2.0999999999999988
-0.65
-1.0
-0.25
-1.0
-1.0
-0.35
5.049999999999998
7.4499999999999975
7.099999999999998
3.6500000000000004
2.15
5.449999999999994
2.4499999999999993
-0.8
5.649999999999996
0.6000000000000001
1.5499999999999998
0.30000000000000004
2.0999999999999996
2.0500000000000003
3.1499999999999995
3.149999999999997
-0.75
-0.29999999999999993
0.25
-1.0
0.7999999999999998
0.9999999999999998
0.050000000000000044
1.1999999999999997
5.449999999999998
7.099999999999998
5.549999999999996
12.750000000000025
-1.0
-0.85
0.95
-0.85
3.049999999999999
-0.4999999999999999
0.9000000000000001
1.1999999999999993
0.20000000000000018
3.299999999999997
1.7999999999999998
5.199999999999997
0.4500000000000002
-1.0
1.4
8.9
2.3499999999999996
3.099999999999998
2.85
0.4500000000000002
4.549999999999997
8.400000000000006
4.099999999999999
3.2999999999999954
1.2499999999999991
5.999999999999999
0.5
-0.95
2.699999999999997
9.800000000000002
1.15
1.0500000000000003
-1.0
10.850000000000007
1.6499999999999995
1.0000000000000004
1.15
0.55
10.250000000000007
18.300000000000043
6.399999999999995
0.3000000000000007
1.65
0.3500000000000001
6.099999999999998
-1.0
-1.0
4.299999999999999
1.2999999999999998
-0.4
1.25
0.75
