0
12600
8100
-800
1300
11200
-1100
300
0
1100
3000
3600
0
-400
2300
4200
-200
4600
-1300
-1000
2000
4800
20400
-1200
12600
-900
8200
1700
3900
7300
4400
-500
-1100
4200
300
2400
1700
-1200
200
2400
100
1300
-1200
-900
-1300
9400
8800
300
5400
5300
8600
6200
400
7200
4700
300
400
13800
0
200
-100
7300
6900
-1200
3100
-1300
9400
-1300
-1000
3900
7100
3900
1900
-200
900
2300
11500
-1200
8800
800
2900
2000
2200
-1100
12100
7200
13300
6200
18900
500
-500
5000
3200
2700
8100
2400
2200
800
3300
4500
3000
-100
2500
7600
10000
11500
2800
-400
-600
6900
3700
9600
7700
5400
1900
-1300
2800
7600
-200
17400
1000
1600
600
200
9200
100
5300
2800
7000
6900
1200
0
-200
5000
600
18300
1700
3700
6700
8700
-1300
-100
-1200
1600
300
5000
-1200
-1200
9700
4600
-1100
4500
2000
-900
-600
14200
-400
3500
16100
1200
3700
9900
1900
1100
4300
11700
1600
-1000
100
100
4200
4900
6400
3800
500
4100
3900
3500
18900
2500
-1300
-1200
3500
8300
12100
15800
400
-1300
4700
5700
5400
8000
3600
2900
17000
1700
-1300
1100
-600
8400
5000
-200
2100
7700
0
2300
9300
100
4700
1000
1000
4600
1000
5300
2800
700
600
3900
-1300
-300
4400
11400
2500
6800
-1300
11500
-200
3400
1000
-1300
10500
11100
23900
6300
13200
1700
1600
-1000
-200
3000
6500
2700
1000
100
5800
200
5100
11000
3800
-900
4700
3900
2400
4000
9200
5100
1200
5100
-1200
7300
-400
5900
100
-200
-1000
3100
10700
4300
28900
300
3400
10000
1100
2800
1900
4200
300
-200
1400
3100
-1300
-1100
0
4400
-1300
3700
-200
5200
2300
0
10700
2400
10600
1000
-800
2800
5600
8700
7500
1500
2500
4700
2400
1000
-900
1100
-400
1500
-900
1400
3800
2600
1700
5300
21300
800
-400
10700
3600
200
2900
14100
4400
-1100
1100
2200
2000
9800
-400
700
7100
12300
18600
8700
3700
3800
-1300
-900
-300
10100
6800
4300
9500
-300
4600
-600
3300
4200
5100
1300
4700
9600
500
800
3500
8400
1500
2100
3900
2300
4600
14100
4400
-500
-1300
4000
-500
2300
21500
300
-1300
300
6100
8100
9800
13100
1900
-700
6800
8100
7900
16100
15800
7900
200
5300
100
2400
27200
300
4400
400
29700
500
0
-900
-900
5900
-1300
-1200
5700
1600
600
4000
5700
1300
-400
2300
900
-400
4600
200
800
1100
2400
-400
1600
9100
900
5500
2400
-1300
3400
-1300
-1000
700
-1300
-1300
0
2500
6600
1100
3600
1800
-400
-1300
-1300
2700
1300
1000
1400
-1300
1500
20800
5400
3200
500
1200
-900
3600
200
-1300
2000
4800
-500
400
100
-1100
-1300
2600
2600
1000
9700
2600
-1000
7700
100
7500
9400
100
3600
-1300
3900
1400
8700
-300
5500
-200
-900
1700
-1300
3100
-200
1500
11500
8500
400
8700
-100
16100
6100
-400
1000
-500
3300
5200
400
6600
3700
500
-900
4100
13000
6900
1700
4700
2300
9000
900
8000
1300
12300
-700
5100
7600
2000
1300
-1300
11400
5300
2400
-1000
3200
-1300
1300
12500
3900
3500
2700
2800
3000
9000
1700
8400
2300
3700
5000
6900
8900
2000
5000
4800
-900
700
10700
-1300
-100
1100
3500
7400
200
1700
9100
5400
5400
2000
-200
5000
5100
3700
1800
300
4300
200
4100
-1300
15700
6500
4300
2700
8400
10900
1400
2600
-1300
-500
6200
9400
6200
300
6500
11400
3600
5700
3000
3600
11900
9200
-1300
300
4300
-1100
9000
7500
-1300
100
5700
900
12700
-1100
0
32400
7500
3800
3900
500
1000
-1100
12900
-1300
1400
2300
-1200
8400
-600
-1100
6800
2700
3200
-100
0
4300
1700
5100
6200
6600
3400
400
14800
800
-1200
6700
-1300
4400
-800
-1300
2900
1900
4200
200
4400
3800
12400
2400
6800
-1000
4600
2300
700
-1300
3100
7000
1600
11900
27500
200
15800
5900
-600
5300
-1100
-900
400
6900
1600
3800
3800
4800
11500
3300
100
500
9500
4100
100
-800
200
-500
9200
5800
7200
1700
3300
-1300
-700
-1000
1200
2400
-400
-1000
5000
-1300
-800
-1000
10500
8700
3800
7900
2900
800
-1100
5300
8600
15900
7200
1500
800
7200
15400
2100
3000
8100
11100
-100
-900
12100
-1300
1900
7200
-1200
2900
-1000
6900
700
-500
-1300
-900
-100
4500
-200
2900
-900
6900
1500
0
1700
7300
13500
1300
7200
4300
1100
-500
-1200
-1300
-1300
5600
9300
4500
1200
12600
5000
-1100
3000
-1300
8600
400
6100
-200
-900
700
1300
6000
200
8500
900
700
3300
3800
4900
6200
4700
300
2100
1300
13700
3500
3700
2900
8300
1400
-1300
3500
1900
3600
-1200
3300
3600
7300
400
8600
6200
8100
13000
1400
5800
8900
200
11500
-300
-400
4200
1700
8700
15600
2200
8900
21100
8200
5100
800
21500
800
-1300
5900
-1300
9800
6800
13600
800
4500
1200
2900
2000
3500
-1100
3300
7400
-1300
4600
200
1500
6300
4700
-1300
-200
9300
7900
-1300
-600
-900
4300
2800
500
-1300
-1300
1100
14400
6500
4600
3900
-500
4600
5000
-1300
7600
-1300
800
1400
4700
4000
1100
14700
-700
7800
-600
-500
3400
4300
-1300
13400
900
1100
3000
8400
0
9800
1900
900
7000
2400
4100
5300
3600
17700
8900
300
-1300
3000
-1300
-1300
2300
3900
1700
1100
6100
11200
0
2900
-1300
-1300
5000
1300
16100
11100
-400
-800
-1300
-1300
5500
3100
9200
-100
3500
4300
4000
-1000
1300
2200
-1200
-1200
1700
4600
6200
-1100
4400
5000
-900
1700
500
-1300
2000
3200
5600
2000
800
4700
-900
-400
3600
1800
2000
-800
6100
-800
11800
-100
2900
800
700
9000
6900
800
20600
-500
3800
-700
500
7700
10100
7900
-1000
1900
2700
-1300
200
-400
3300
12300
5600
-1300
8800
0
-1300
4900
15700
1600
12900
3400
-500
700
1900
4700
1200
2100
11900
2200
7200
3800
-1300
1700
-1200
4200
6600
-1300
3000
2600
17300
-1200
4300
-600
2600
8200
3400
7100
5100
700
10700
2900
-700
-200
400
-100
4200
400
2400
2600
-400
-1200
4800
-1000
200
-400
-1300
1000
-1300
-1200
3300
4800
-1300
-300
12800
5400
3000
-400
500
6700
4900
1100
1100
3200
2900
-600
1700
700
2800
2700
2300
300
400
5900
-600
9400
17500
4500
6400
2200
-700
1800
7300
0
1600
1400
400
4700
1100
-100
3200
900
300
3700
-700
15600
3700
900
500
2700
7600
400
1900
4700
-900
3500
100
5000
3900
1600
4700
2000
12900
400
2900
2200
4600
-1000
1700
9500
2600
3100
3000
-800
-700
4500
600
5300
300
-1300
900
-200
800
4400
2000
7300
8700
3600
-1000
-500
2000
3400
9900
20000
2100
300
400
15100
4000
2000
0
2700
-1200
3300
600
4500
17400
3900
-1300
2000
1900
1500
600
-1200
2900
6600
7800
1300
400
7100
6400
4400
2900
2200
-1100
1300
1200
2700
700
2700
-700
0
1900
4000
2700
5900
8500
-100
14300
8800
-1300
9300
10900
1600
4000
800
3200
-200
-200
-800
3300
-900
1400
3500
4300
4900
-1300
2000
12600
900
-1000
600
-400
200
11000
600
3400
27900
7500
-1300
7400
7800
900
-300
900
5300
-1200
5800
2200
2200
1700
3000
5500
4300
20600
8400
200
5700
500
-1300
-1300
-800
-1300
-1300
800
15700
8800
-1300
1700
3600
15200
1200
1000
-400
3900
-1200
4000
1700
3100
-1300
-1200
-1000
800
9100
5200
-300
7800
1800
500
7900
2600
2100
-1300
1900
5000
2100
800
8900
-1300
-700
1100
-1300
31000
3900
14400
4200
400
1800
5700
6500
5700
-500
800
400
8400
900
1000
2400
7200
16300
11100
2900
17000
-100
-1300
-500
-1300
-800
2700
2700
0
700
5400
7100
2400
2900
-300
6200
-900
3300
6700
1600
-300
7200
-1100
1800
1200
-800
200
8600
1500
13800
2600
3900
8300
8800
2000
-600
1800
-1200
25500
3000
-1300
-1300
-300
1500
-200
5300
9100
4100
1900
20600
2800
3200
10000
1700
1000
6600
7300
-1300
-1000
800
11600
400
300
1400
2700
-700
2500
-1200
3100
600
1300
500
300
2900
3500
6200
7800
-300
400
5000
8200
14700
19900
18200
500
12100
5300
9700
-500
-600
12100
-100
200
500
12800
-1200
-600
2300
1700
14900
7900
900
-1300
-1200
8200
-1300
3700
-900
7100
-1000
12500
-800
2700
5000
2900
600
1200
1900
1100
5300
-1300
3800
3400
-800
4500
2500
2100
-400
9500
800
400
8900
600
4300
2800
4800
9500
-1300
0
2700
-1200
6900
3900
700
200
4000
6500
11800
4500
5300
1700
8700
9800
4100
2100
400
2400
10500
4200
1700
11300
-700
-600
10900
10500
500
2700
300
500
6600
1000
-200
3000
20600
-400
1400
10500
11200
-1200
9500
9700
800
19800
6800
7700
7000
15900
-1200
6100
1200
4500
7200
9600
5900
500
4500
5200
7300
4100
4000
-1000
-600
800
-1300
1700
-100
3900
16500
-1000
600
5600
-800
500
6100
5200
300
3600
-1200
11300
-1300
-1300
600
3900
-800
600
2400
15600
1800
14000
-1300
1800
4100
1300
5300
500
4100
8700
3100
-1300
900
-300
14500
8600
300
1300
13300
-1300
23400
800
9600
2800
700
4900
9600
1600
-100
4800
3500
6300
800
5000
4100
2300
8800
10600
-1300
13400
3100
16200
-1300
-100
16300
-1200
6700
900
7700
2900
8900
12100
14200
-400
2200
800
-300
6400
6800
500
1500
2000
4500
500
-700
8400
4800
1200
-900
2300
-1300
-1300
-1200
-700
-1000
-1000
6500
6300
-1000
5100
5700
1600
9500
2800
800
500
100
1900
300
-900
1000
-700
12200
6300
1100
400
-600
13900
9600
2100
2100
12400
6300
13900
5100
3400
600
1300
0
8600
5900
400
500
4500
3100
-1200
-700
3400
5700
-700
4200
-900
600
5700
-1000
17400
30100
4700
12500
2300
-200
-400
3400
-600
-1100
4300
1900
100
2000
2500
1200
12400
8500
3100
5400
6400
2300
1400
8200
2100
2900
2100
6500
-100
7700
8200
100
3300
2500
-1300
1200
7200
13100
15600
4500
-800
3600
400
900
600
500
5100
1100
6400
11400
5900
4400
7900
5500
400
2000
300
900
7400
-1100
6000
-1300
2600
-1300
100
7300
-1100
5600
0
3700
300
15000
2900
2500
-200
3300
10800
3800
800
1100
100
1700
7800
0
4000
4900
7800
5000
3600
3300
0
-1300
7000
3700
0
3000
-1300
3700
9100
-1300
8000
2900
900
4800
-100
200
3500
-100
8000
1000
6600
3900
800
-200
4300
6300
8300
17200
5700
5800
2600
1000
-1300
2800
7200
-1200
-1100
6900
-500
-1000
500
11600
-1200
-1300
1900
8900
-1200
-1200
-1100
-1200
3800
21700
6700
3700
-700
9300
18200
8400
1600
5700
1500
1200
-1000
11500
3500
6100
2700
4100
5000
8200
-1000
-1300
600
6200
6400
10400
25400
12400
-1300
23400
5800
5400
1400
4900
12000
4800
3800
6200
7100
600
9000
500
6300
2200
1400
3600
-1300
6500
-1200
-1300
0
5700
4300
1500
11000
4900
-300
6200
400
600
2600
-1300
-400
0
4800
-800
10100
18500
-1200
10300
5100
4300
5400
-200
-1100
8700
15600
-1000
18300
9200
7500
2000
1900
2500
4900
-800
9000
2500
12300
10400
700
-600
2800
1900
200
5100
2200
500
7600
600
6400
4300
7700
13800
1000
12600
1700
5700
11900
4500
1600
4000
3300
-500
6000
600
11100
-1300
1200
11500
7300
5600
-600
7900
-1300
500
-1300
4000
11500
300
7000
4400
5800
16300
5100
-900
1000
2100
100
7800
-1200
9800
27100
5300
11200
2500
3900
1400
8200
500
5000
2800
2500
1400
2300
4100
5700
1100
500
10200
2200
18700
1000
5100
7000
-400
-1200
1300
100
2300
200
3600
1000
-1300
1400
5800
4000
8000
4100
-900
-600
7500
100
4500
2900
11200
9300
18200
-1200
-1200
1200
0
3300
1800
1000
7700
-1000
7300
8200
5100
16700
9700
6200
2000
9800
6000
-300
200
5000
6500
3800
-1300
2200
1500
3700
3100
100
1100
6900
2500
14000
14400
13400
7000
4200
300
1100
5500
-600
-1200
3500
6200
8600
1400
7500
700
22200
8400
1200
900
4100
3500
4100
4900
-1300
5500
700
25600
-1100
600
100
19600
8100
2600
6800
1200
10900
-1300
2400
-1100
20600
11400
18400
10800
4800
6600
14100
24500
12900
7500
9100
5300
5000
10300
-1300
19000
2300
5700
5000
2300
4700
-1300
8900
6900
17600
-700
22200
2800
-200
10200
-500
14100
-1300
1900
6000
10700
17500
8800
-1300
6600
9000
6200
-100
-600
8000
1600
7800
16700
-200
5600
7000
14800
12700
2600
200
3100
15900
-1100
5700
3800
-300
10600
14700
-800
400
8100
-1100
0
20800
-600
4200
7000
2800
2600
2000
1900
2200
2000
7300
-600
13000
7100
13800
6900
6400
4200
-1200
-1300
12400
-400
1300
900
3200
-300
1900
5500
1800
0
-200
13500
15600
-1200
800
500
-500
1700
9000
-100
4700
6700
24900
11300
700
2600
23100
11100
5500
12800
16500
6400
-800
400
1800
6500
1800
11800
-1300
8000
9900
-1000
5200
-1300
800
14900
1300
12300
-900
8200
12400
2400
400
8100
5000
3300
18700
-1300
3900
3900
4200
1600
15700
-1300
10800
1500
1400
7300
6400
1000
14700
9200
200
3800
3500
11100
-400
-1300
-1300
2500
13100
6200
-800
10900
-1300
3600
0
2900
8200
3200
5500
-100
1400
-100
-300
25800
1800
32300
-200
-1300
-500
10400
3900
4400
1300
700
4400
2200
14700
24300
1400
13000
15900
4800
12300
9400
7000
5400
3300
600
13300
1400
17600
2900
18000
1000
10700
1000
-1300
3900
-700
9500
1800
-1200
-1300
3200
8200
-1300
1600
11100
700
2200
5900
100
1400
900
1200
400
1400
-1000
800
3900
5500
1200
3500
5400
1400
4200
12000
1700
2000
5400
600
3400
600
-600
1400
14700
1900
5900
18000
4800
2400
3600
2800
5500
5300
6300
-300
1300
1100
15300
-500
5700
3200
10300
7400
1300
8300
5700
5500
-500
-1200
-1300
200
1700
2100
17200
5200
13200
12600
-1300
14700
-1300
23000
2800
-1300
0
-500
1300
-400
-600
-1300
6700
5500
-600
-300
2800
4900
100
13400
1100
4800
4100
9100
400
3600
14200
7600
3100
-100
-1200
3000
15500
800
7600
10600
-300
2300
1900
1100
3200
-1300
27400
-900
2600
9200
-1100
-1200
100
1100
300
14100
6100
2600
100
1200
-1000
8200
3100
2500
4100
1700
7500
5300
-1200
-1300
2200
6200
200
-400
3900
21800
17700
24300
15400
1900
8300
3700
-1300
11500
10900
5500
3000
2800
2800
2200
9800
2900
-200
0
-100
11700
-1000
2600
1800
20000
-500
6900
-700
-200
12500
16900
2000
10200
1300
6900
11200
3700
12800
7100
7000
-1000
-500
9800
300
9800
3700
0
900
2600
900
3500
-1300
8700
4200
7600
23300
6500
5400
-1200
2900
10300
6300
8900
-900
-1000
2700
1600
100
-1100
-1200
2200
-1300
8400
1200
600
5700
-1300
21100
500
1900
800
4100
16900
5300
7900
-300
0
-1000
900
4400
5800
5100
5900
6900
4000
6000
-1100
5500
900
7000
1000
700
3900
2400
4600
1400
-500
-500
10000
9000
23000
-200
2500
6500
3200
13900
900
7200
10300
8100
12300
4500
6300
300
6700
4800
4200
1200
-300
-500
2800
6200
10400
-800
600
-1300
800
2900
10100
-100
2700
2500
-700
3200
1300
600
4300
-1200
5800
5500
4200
3700
2300
14500
-1300
2100
-400
1300
4100
1200
20300
3800
400
-1300
4300
5300
1300
-500
2500
3800
8800
1000
900
3100
19400
1900
3500
1900
1400
5600
6400
-300
15400
3800
3400
9700
19100
12200
14000
7000
4200
5400
2900
-500
-1300
2200
-1300
1600
7400
0
300
800
-500
1100
11100
7400
-700
2700
-1300
1300
1100
2500
7500
1000
16400
2300
-1300
8400
1600
8800
6800
9500
900
-800
2000
17400
500
300
-1300
1100
15600
3800
6000
1700
6100
-1100
-1300
3100
1100
100
1500
2600
-1300
3400
-100
400
12500
-400
-1300
11200
2700
7000
1700
10200
3200
10400
14300
3500
3700
4200
8600
-1300
3300
4500
500
6000
4700
1200
18300
4000
7100
3700
8700
-200
2500
300
5900
100
2800
3500
6800
20700
6500
-1300
5500
8900
10800
400
4300
3200
-1200
-1300
2700
8500
-1300
2600
11500
-1200
8600
3900
1600
5400
7800
15900
5800
5800
5100
200
7200
200
-1300
12800
7100
-1300
1400
8700
6200
3000
-1000
400
900
6400
700
1400
1600
5900
9200
3300
12100
20000
2800
2900
5000
13700
-1200
9400
4900
5100
15600
12700
3300
-100
11800
6700
7600
6400
15200
2500
27200
1600
28900
-800
7600
7800
17400
10800
8000
3700
1800
4300
5800
5200
2100
5800
22100
4900
12900
4400
6500
1300
-900
6000
40300
2200
1300
2100
8400
4900
2500
11700
6500
8000
7900
8400
6200
3100
8100
2700
14900
2200
400
-1300
3800
11900
4700
9300
5500
5200
9900
-1300
-1300
3300
2600
-800
25700
-1300
-1300
4400
5400
4200
5800
1700
14000
-1200
9100
11700
4000
9900
-200
2100
3500
1500
17800
4600
1700
6700
2100
600
3300
2400
9500
1700
4300
-100
43500
5400
0
1600
28000
5300
11600
-300
-400
-1100
4900
4800
7000
0
1400
2000
10100
8100
5300
19300
2200
5100
2300
8400
4900
100
8700
1600
13400
1500
14800
20000
10500
-400
-300
5400
3800
400
7100
11400
-1300
4000
2900
8700
7400
6800
-200
4300
-1300
3500
1500
3000
6000
-300
-300
9300
4200
2700
0
4000
8600
8600
7100
2600
8500
1300
-1100
21900
-1300
1500
3000
-800
0
0
-1300
4600
-700
-1100
12900
2000
4300
18300
15200
8700
-1200
2600
600
0
4500
19800
1100
4100
6700
9600
-1300
7100
-1100
-1200
4600
200
8600
2900
400
6300
0
-700
10500
8900
-800
3800
15600
1000
5600
7500
1100
1200
3800
400
7800
2400
17700
400
9500
700
16700
7400
6300
4100
200
9500
5600
15700
1100
1600
4800
100
6700
3200
7200
1200
200
100
900
-1200
700
2500
5200
-1300
11100
5400
8400
12300
2900
500
-1300
5400
100
6700
10100
6500
5400
-1200
3000
500
2200
8700
400
-100
4900
7400
1700
1600
-200
-1300
9300
4200
27200
17700
10500
5600
0
5000
7300
5800
-1300
700
3400
5700
3900
2700
17100
16200
11300
6500
-500
12000
2000
12400
2100
7900
3600
-1100
2500
4300
1600
6800
13900
8000
12200
19500
13800
-100
9200
300
3500
-700
10000
9600
-1300
11800
2700
5000
-1300
14400
-1300
2500
400
900
2000
17900
-600
29100
7800
-1300
5900
6200
900
-500
8600
12900
4000
300
9100
800
4000
-200
2300
3100
5900
-1300
3700
-1300
7000
-400
8800
1400
0
500
-1000
4500
16800
1500
3400
2800
6800
-1300
12800
-1300
9600
-500
300
9800
300
-1100
17700
-1200
700
-1300
-900
14800
-1300
7900
13900
1300
10500
5200
10600
6300
8600
3200
14500
6800
3200
8300
300
1100
8800
-800
7900
7700
1800
2800
1700
9600
21100
24300
4900
-900
13400
21700
2100
-200
9600
700
800
0
1500
5500
-1200
500
3100
-1300
4800
22500
12000
900
1800
10600
-1300
4200
300
15200
-500
13000
-1300
2700
3100
-1000
1600
12600
2000
3000
10700
12800
-700
8700
800
1000
5300
27300
3200
12600
3300
9400
15000
-400
1300
1100
-200
1800
500
-1200
600
13000
10700
2200
-800
19500
1600
400
11800
22200
6600
8800
8300
900
12400
5200
10700
-1200
10500
-400
3100
12900
8700
1000
14700
7600
1000
-900
11100
100
100
8500
5500
-1200
-1000
-1300
1300
-1200
-1300
600
1900
8600
9000
6500
-700
12900
900
400
0
1200
300
-200
5200
2100
4600
0
8300
4000
12800
11400
11500
-1000
3200
2900
-400
-1300
2500
1500
0
5200
5900
2700
19700
1600
5900
2600
9700
3700
2100
500
-1300
12500
-1300
4300
-1300
14200
24600
-700
-1000
3800
6900
400
2400
12600
-500
2700
13200
5200
22300
-1300
-100
10200
8200
4500
6900
9900
-1300
9600
6700
1400
2700
-700
3500
30600
-1300
8600
5300
12900
-500
3800
16800
6300
-1300
19400
3800
6100
17000
-500
4900
-1000
7500
-1100
3300
3300
3900
300
-1200
-1000
1100
-300
22600
4000
8500
3100
7100
6900
7400
5500
19800
4500
6300
1400
2200
2500
600
1500
3800
-1200
10700
900
-800
1800
1300
700
5600
18700
-200
-800
-1000
8400
4400
-200
25700
300
4600
1300
7300
14200
2800
2900
500
-1200
8500
9800
11400
2800
19000
3600
30700
-1300
4300
18200
-1000
2500
8300
3200
-1300
7200
800
600
3000
9300
7300
1500
12500
4700
6500
2200
3800
8400
9100
12200
4500
11700
3300
17800
9300
7200
500
6500
3200
38800
-400
-1200
500
4100
2200
700
-900
1400
300
1900
6700
11900
16200
5300
300
2300
400
-1000
9400
3300
9000
2900
-1300
-1300
4700
4400
3200
7900
15300
3700
8500
4500
2300
11400
48600
-500
10800
17100
8300
600
-200
-300
1400
2700
-100
6800
3500
1600
4200
-700
7700
15700
3600
1800
-1100
13500
1800
-1300
2100
11700
0
1500
5900
8800
4900
5400
1700
-400
4200
5700
6400
2600
-900
-1300
700
2700
700
3000
9600
1400
-300
-600
3600
25500
-1300
2500
10000
6100
2400
2800
5000
-1300
5400
-200
-700
-1300
21300
13900
1800
10300
-1300
5900
6200
4000
-200
17400
6400
11200
3800
2500
9600
-800
2400
3500
9500
-1100
12600
1000
10800
1700
1000
3000
600
9700
2700
2200
300
500
2500
200
-600
10400
2700
3600
7300
3200
600
900
2400
1300
2100
14000
400
14000
2900
-200
3400
300
3100
-1300
2100
2000
5200
300
4600
3100
-400
2200
-500
1200
2300
700
300
9500
8100
9800
5400
2700
-400
1600
19400
2300
6500
1200
9100
9900
400
10800
6300
1600
700
100
9900
9900
2100
2900
5800
5700
-500
5300
4700
1200
1500
5400
-1300
6400
1800
2400
4000
1900
500
15000
7900
4900
-200
-1000
2300
3300
100
5200
5300
4400
8900
-1300
4700
9800
5200
-900
400
9300
2600
4500
12100
500
4800
-1200
14600
1900
13800
-1300
5000
2700
4800
-1300
16700
900
1000
5700
3500
21000
100
1700
10100
7300
2400
1800
1100
-900
5600
30700
13800
-1100
4200
400
7000
4500
2100
1300
-1000
5600
1700
1300
10100
3500
7600
10600
6300
31400
5200
8500
2900
7100
21400
6100
1300
1900
-1300
16800
6000
-400
23400
2900
11600
4800
-100
-500
12500
-1300
-1300
3200
9100
3700
13000
4800
1100
6400
14300
4400
14400
12300
15300
900
1300
-1300
4000
5000
-1200
17900
600
2100
5200
7700
8700
1800
6300
11400
900
3100
-600
3900
5200
8200
0
11300
5500
2200
1900
3400
5700
15500
6700
10000
3000
11800
39700
20000
6900
-1300
1700
4300
-1300
10200
4300
14200
8300
4900
3700
300
7100
-1300
1600
2400
4700
7100
2700
-1200
-700
1600
5800
1000
900
3700
2900
9400
10000
1600
2000
-1200
10000
4300
4800
11200
3800
-1300
-1100
2100
-900
4400
800
11000
13500
-1300
7900
1400
13100
8700
-1200
2900
4200
5200
2000
-500
-1300
-1100
13000
1500
4100
1200
4700
14700
500
1900
100
5600
300
-1300
2200
-900
7700
13200
0
5300
-300
8300
12100
3600
0
2200
-1300
1300
5900
8000
9000
21700
2300
3900
5100
2000
2400
-1300
23400
1300
10500
4500
-1300
3800
6000
1000
900
6900
18800
5100
14200
16300
3700
12500
-1200
3000
-1300
2800
3600
-200
5400
1100
7300
8600
2500
1900
3800
-1300
10100
2100
8400
19700
15800
1800
6600
6300
200
7300
11500
1400
-100
5000
-1300
3200
2400
1400
-1300
4100
-1300
700
5100
9100
3200
3500
1000
3600
6400
4200
4000
-1300
5600
1800
7300
15200
1100
-100
1600
9100
3200
4400
6800
15400
1100
5000
2600
10100
-200
8300
10900
2400
1900
6300
1400
1700
4000
2800
21200
1200
11300
7100
4500
2800
4000
-1300
1300
12400
300
3200
2400
1900
8000
-500
-400
-800
-1200
3200
5700
4500
11300
7000
5900
2300
300
-1300
3100
7800
3900
4600
1000
4400
4900
6100
2000
8400
1100
8000
400
3300
8600
6200
2900
-1300
11600
4200
4000
4000
3800
6000
3600
300
8400
5100
3800
24800
3000
-1300
2500
900
-1100
1600
-300
-200
300
3000
7000
4700
4200
12400
500
400
1600
1600
5900
7000
20100
-1000
6400
2800
-1300
400
6300
7900
1300
2200
-1200
5300
2200
0
1500
8600
2000
-200
-1200
600
-1300
-1300
4200
4300
8600
0
2900
4100
9100
-1100
5400
1900
6000
4900
3500
6900
16000
2300
3500
8600
-400
-600
-400
-1000
1000
900
600
11000
8200
-1300
11000
1000
7500
11300
17200
-400
200
1300
1300
21100
7900
900
5300
1800
14400
15200
4900
21400
4900
-1200
7800
3500
5300
2300
1200
7700
1500
21900
2100
-1300
11400
700
16500
6100
-400
700
5600
6300
-500
13700
13900
-1200
1600
-1200
5500
-400
-700
200
12900
4600
5700
5300
3000
-100
-1200
-300
-700
5300
1300
9400
11400
3100
-1300
-100
800
400
4500
4800
10300
7400
1400
3200
1800
8000
19500
3300
4500
5100
5800
4800
-1300
11700
-800
6800
5800
5800
15800
0
3100
10600
-500
-1100
9500
4100
33500
9800
2400
12700
2400
500
3200
3100
1600
4900
7300
6200
2100
-600
-200
6400
-1300
9100
5000
16100
2000
-800
3500
-100
16500
25400
7500
1200
10700
-200
-1200
9000
-500
5000
-1200
11900
12100
-1100
8100
2200
-1200
2700
15500
5400
34000
18900
200
2600
200
-1000
-700
1200
2000
4400
-1300
3500
-1200
6900
9600
11000
1000
14300
-1200
-1200
-1300
800
10300
200
4500
4400
7000
2800
8100
900
1100
-1100
1700
2600
800
4500
-1300
6700
7100
12200
0
2400
2900
12100
-100
7900
18100
23100
4600
1900
2200
800
-500
-200
200
100
-500
12800
13500
9800
4900
-500
5700
11500
11100
9000
1900
6800
11400
12800
-700
4100
9600
1800
-200
6200
-1200
3300
12200
400
-1300
34900
8400
3400
8100
19300
-600
7200
8800
1900
7300
5400
7200
-1300
4500
1800
9200
500
2800
13000
7800
5600
2500
2900
4800
300
2000
15100
4800
1800
800
4900
6100
26600
2400
5500
-1300
5400
100
400
-1300
1500
1800
10400
28200
1400
6200
-600
4100
1200
100
-1300
2800
-1200
10900
7200
800
-100
-1300
-300
14500
1000
400
8100
6500
2100
1200
500
0
1400
-100
13000
13200
10800
10200
4200
5000
100
1900
-1200
18800
2700
12000
10900
20800
9500
-900
3300
9400
8700
4900
4400
-1300
8300
-1300
5000
6000
5600
18200
1800
9300
800
1500
3400
20500
8800
10800
-1300
10500
8700
2300
100
2600
-1100
13000
5600
1900
400
0
20700
1400
24000
10100
4300
4200
-1200
200
6400
600
4400
6300
9800
-400
5600
5400
2500
-1100
600
5600
-500
6900
100
17300
5800
6300
100
-1300
9100
1800
300
100
1100
7000
1900
32600
800
500
100
25700
32600
2900
1300
4600
5000
-1000
6200
-100
4300
7300
-1300
4900
-600
-1300
200
-1300
-1300
0
10100
14200
12800
5200
3600
9500
4900
-900
10600
1900
3800
600
4200
4100
5600
7000
-800
100
1200
-1300
2300
2000
800
2400
10900
12800
9700
22700
-1300
-1000
1900
-1000
6100
-300
1800
2400
1100
6600
4300
9000
1600
-1300
3500
16400
5400
6200
5000
1600
9800
14700
7500
7300
3200
10600
1000
-1200
6100
17500
2300
2800
-1300
20300
4000
2700
3000
1800
17000
33800
12800
1300
3300
1400
11500
-1300
-1300
7900
2600
-100
1800
1500
